1 46 0 123 70
2 4 17 84 83
3 14 13 105 99
4 26 4 94 115
5 19 9 57 101
6 47 52 108 101
7 48 11 85 46
8 58 6 115 94
9 31 0 128 113
10 48 20 102 107
11 4 2 83 123
12 1 25 81 109
13 8 7 87 105
14 25 11 80 128
15 0 8 90 119
16 4 2 94 80
17 0 21 71 101
18 0 2 114 83
19 28 7 61 128
20 15 2 104 116
21 30 14 110 107
22 24 4 117 66
23 63 7 107 64
24 22 0 112 122
25 8 28 65 59
26 1 1 120 104
27 39 4 99 93
28 56 8 109 122
29 48 3 124 67
30 0 15 64 91
31 60 25 118 115
32 5 5 117 61
33 36 21 71 101
34 10 0 68 128
35 39 15 84 49
36 0 23 97 102
37 9 5 94 67
38 0 5 99 61
39 30 1 111 78
40 6 3 110 107
41 8 1 95 90
42 9 15 72 127
43 42 11 118 57
44 2 16 60 105
45 10 0 83 127
46 18 38 92 101
47 8 2 128 91
48 21 8 106 112
49 12 21 117 91
50 9 24 128 99
51 50 4 126 50
52 61 6 111 46
53 93 5 124 40
54 71 4 103 54
55 25 16 94 79
56 40 8 109 98
57 78 31 125 61
58 30 17 78 78
59 11 0 48 128
60 35 6 123 102
61 28 12 73 44
62 35 3 109 96
63 71 11 123 58
64 26 10 75 120
65 25 4 119 60
66 27 0 91 97
67 11 8 72 127
68 3 8 110 122
69 0 19 70 118
70 31 22 81 127
71 5 14 84 71
72 35 7 83 44
73 9 0 112 99
74 54 8 96 63
75 3 2 60 101
76 14 15 81 123
77 1 7 44 121
78 5 0 128 46
79 54 35 124 65
80 12 8 55 126
81 29 32 100 76
82 43 14 107 103
83 4 1 119 107
84 10 30 93 83
85 45 5 85 128
86 15 26 90 119
87 6 8 80 109
88 10 10 54 127
89 5 2 123 68
90 23 6 76 53
91 4 2 73 69
92 28 19 85 55
93 10 6 109 107
94 12 4 83 126
95 3 0 105 54
96 35 13 126 79
97 11 2 60 37
98 27 5 109 82
99 13 24 124 77
100 14 16 118 85
101 13 2 92 128
102 17 14 118 102
103 41 3 97 127
104 34 1 68 95
105 24 1 111 128
106 41 10 124 64
107 18 7 113 128
108 10 14 105 127
109 3 7 80 90
110 29 15 80 94
111 46 7 92 52
112 0 3 64 69
113 25 20 105 111
114 20 48 52 84
115 18 1 91 90
116 2 21 54 124
117 5 4 114 57
118 9 15 107 114
119 20 1 87 128
120 22 26 98 111
121 33 14 99 48
122 35 19 113 71
123 10 7 104 78
124 15 1 84 99
125 68 0 108 126
126 34 13 110 70
127 21 14 108 119
128 4 5 103 72
129 53 22 99 58
130 10 57 64 95
131 18 1 127 98
132 79 7 119 107
133 17 49 54 87
134 15 3 106 126
135 0 1 123 81
136 9 20 90 56
137 15 20 69 126
138 22 6 69 114
139 36 4 125 73
140 13 16 111 83
141 33 0 125 90
142 21 0 93 46
143 39 61 107 96
144 0 0 121 122
145 30 6 96 88
146 0 64 65 111
147 3 4 49 128
148 12 25 76 79
149 26 14 93 81
150 38 6 76 52
151 14 17 73 107
152 5 2 94 90
153 22 6 128 61
154 2 0 126 110
155 29 29 110 79
156 62 14 126 94
157 19 10 123 81
158 16 5 126 78
159 4 58 53 123
160 22 19 75 127
161 17 25 75 100
162 16 59 49 90
163 23 14 115 127
164 13 0 127 115
165 30 3 124 109
166 1 0 69 128
167 23 34 63 66
168 15 4 104 126
169 7 13 113 86
170 51 0 112 48
171 16 0 93 122
172 6 2 118 109
173 6 1 85 125
174 0 1 97 122
175 7 31 42 96
176 9 33 83 110
177 1 9 51 128
178 36 0 97 127
179 19 23 67 71
180 29 2 72 128
181 6 4 99 114
181 47 6 126 46
181 17 0 113 64
181 26 7 87 42
181 18 21 55 123
181 5 29 78 121
181 17 1 66 127
181 11 0 69 124
181 46 10 112 110
181 15 5 104 100
181 5 5 91 110
181 28 11 109 97
181 26 4 116 128
181 21 0 106 122
181 14 1 70 127
181 7 13 113 74
181 3 3 126 126
181 36 0 122 108
181 24 11 127 121
181 9 3 111 98
181 21 18 114 90
181 11 1 122 58
181 47 9 88 93
181 9 6 114 73
181 47 1 123 75
181 51 29 95 65
181 31 21 103 115
181 3 4 90 114
181 17 4 80 57
181 32 3 86 94
181 9 18 98 116
181 5 9 55 112
181 26 4 103 88
181 9 7 111 117
181 21 4 121 116
181 2 16 74 106
181 14 6 59 127
181 29 48 76 90
181 4 0 120 78
181 19 35 105 118
181 27 0 104 54
181 10 31 60 76
181 13 1 127 99
181 33 11 74 50
181 22 0 104 123
181 11 14 47 49
181 7 11 96 119
181 19 7 78 114
181 7 18 76 128
181 23 0 105 93
181 14 17 73 86
181 59 8 124 71
181 41 11 113 78
181 17 9 110 128
181 7 18 37 49
181 20 0 57 128
181 41 17 110 54
181 4 2 72 113
181 17 0 114 88
181 23 9 124 96
181 8 9 117 85
181 30 5 94 55
181 18 21 92 127
181 74 8 112 128
181 1 8 66 85
181 4 10 76 109
181 25 13 79 45
181 4 0 128 117
181 2 6 50 128
181 10 12 123 128
181 10 3 116 48
181 23 15 83 125
181 5 6 54 121
181 4 0 98 123
181 1 6 44 127
181 3 0 107 128
181 93 7 126 37
181 67 24 128 81
181 9 8 93 127
181 6 72 56 116
181 16 5 99 117
181 5 35 83 98
181 26 6 80 84
181 28 29 82 99
181 20 6 118 58
181 14 22 82 53
181 60 3 108 78
181 21 10 101 127
181 7 11 58 125
181 12 6 60 127
181 11 2 96 99
181 16 6 119 60
181 59 14 122 87
181 3 23 55 104
181 22 12 107 127
181 5 7 65 76
181 7 14 109 118
181 53 7 109 76
181 23 6 111 119
181 4 4 84 87
181 4 5 78 111
181 20 26 72 74
181 6 1 51 107
181 20 3 124 113
181 9 25 97 59
181 44 24 128 61
181 14 0 100 123
181 16 0 116 114
181 33 3 99 124
181 6 17 112 108
181 23 10 99 128
181 57 7 102 67
181 38 6 105 105
181 15 19 76 85
181 21 2 111 120
181 0 7 82 120
181 34 29 99 127
181 32 10 118 50
181 60 28 127 82
181 21 5 70 127
181 10 24 97 67
181 0 1 108 109
181 4 10 73 126
181 1 1 127 108
181 0 3 50 127
181 14 49 51 91
181 14 8 121 109
181 3 5 90 128
181 73 15 109 127
181 17 2 73 128
181 46 6 128 99
181 31 3 108 126
181 22 20 68 57
181 35 12 95 76
181 15 17 96 106
181 41 13 102 85
181 39 33 102 68
181 54 15 120 106
181 0 0 100 112
181 2 9 112 124
181 2 2 54 123
181 32 23 74 77
181 12 8 83 109
181 8 6 96 125
181 18 0 126 95
181 2 2 85 79
181 33 0 123 124
181 18 7 72 102
181 41 0 93 54
181 8 0 70 89
181 12 5 83 128
181 34 27 105 83
181 15 1 90 128
181 29 12 93 82
181 11 8 53 125
181 26 5 100 128
181 0 12 57 43
181 49 44 121 99
181 11 7 91 128
181 42 1 102 46
181 0 0 101 75
181 7 0 61 82
181 57 8 99 41
181 0 0 104 72
181 34 3 126 103
181 39 4 87 75
181 24 36 86 75
181 24 1 105 126
181 24 3 103 127
181 46 2 100 100
181 21 0 74 85
181 5 2 111 97
181 35 8 83 45
181 11 12 125 81
181 39 6 115 73
181 25 0 114 107
181 63 4 126 66
181 27 8 117 99
181 3 0 58 128
181 32 14 84 79
181 19 26 72 58
181 18 11 97 77
181 41 9 117 59
181 18 9 93 80
181 44 1 107 37
181 4 11 69 125
181 15 11 82 97
181 10 11 88 101
181 8 8 69 98
181 14 17 103 77
181 22 48 113 83
181 37 2 70 57
181 8 5 88 106
181 3 2 76 127
181 2 11 39 63
181 43 1 86 80
181 24 6 110 117
181 5 19 86 52
181 0 0 123 104
181 15 20 55 120
181 28 1 119 124
181 11 1 127 121
181 12 9 94 74
181 26 47 64 91
181 12 1 99 73
181 26 2 115 115
181 6 0 80 98
181 50 10 122 82
181 3 14 92 117
181 25 7 73 128
181 15 12 113 108
181 1 11 55 89
181 27 13 90 91
181 20 1 116 125
181 0 3 113 58
181 18 2 126 99
181 54 43 101 101
181 12 5 106 83
181 32 12 82 44
181 45 12 106 98
181 29 5 127 58
181 21 11 123 78
181 13 1 107 102
181 2 7 37 105
181 6 17 92 74
181 0 0 81 116
181 56 35 114 125
181 3 5 76 122
181 4 13 53 126
181 45 3 92 115
181 0 6 114 116
181 9 54 96 120
181 49 7 97 115
181 43 32 112 128
181 27 17 71 53
181 77 5 125 52
181 27 0 103 57
181 79 2 120 36
181 6 11 54 116
181 13 4 124 76
181 12 20 58 84
181 24 2 119 75
181 14 5 67 112
181 3 22 119 109
181 25 1 84 126
181 3 0 69 120
181 0 1 37 49
181 15 1 82 44
181 23 13 60 53
181 29 59 82 125
181 16 11 113 87
181 12 15 89 93
181 0 3 126 118
181 0 1 54 127
181 0 1 100 109
181 22 10 93 99
181 19 4 123 70
181 20 1 77 79
181 11 5 122 98
181 9 8 93 122
181 2 33 82 117
181 5 13 62 91
181 78 12 127 61
181 1 28 73 78
181 27 3 81 109
181 21 4 69 67
181 14 2 91 127
181 20 1 124 105
181 52 20 90 68
181 28 14 71 55
181 34 5 76 126
181 43 4 126 99
181 37 7 110 127
181 10 5 78 127
181 17 2 85 99
181 40 4 104 89
181 1 6 83 128
181 2 28 54 127
181 67 22 114 58
181 17 2 96 105
181 33 22 69 109
181 28 71 84 122
181 0 9 51 128
181 9 13 115 89
181 22 56 60 98
181 17 3 87 103
181 2 9 91 125
181 49 34 120 84
181 67 25 102 121
181 24 13 90 72
181 14 1 102 95
181 56 5 128 110
181 13 0 101 93
181 24 10 84 54
181 5 0 78 107
181 19 0 96 127
181 14 11 81 126
181 22 1 77 127
181 6 1 105 98
181 25 32 68 117
181 41 9 119 125
181 18 45 69 86
181 58 6 97 36
181 10 1 124 100
181 3 1 123 81
181 14 0 128 106
181 1 6 110 127
181 6 1 95 126
181 6 3 74 115
181 60 6 108 52
181 41 1 83 122
181 0 11 64 128
181 11 13 91 75
181 3 4 54 128
181 9 23 128 70
181 9 3 112 128
181 65 16 122 61
181 23 2 91 124
181 28 22 115 85
181 2 3 74 120
181 0 29 34 69
181 8 1 105 59
181 67 5 112 97
181 8 3 101 128
181 2 13 105 115
181 12 0 120 87
181 0 0 124 102
181 8 6 46 126
181 8 0 99 106
181 11 0 67 124
181 12 3 114 117
181 27 2 94 127
181 4 0 122 119
181 30 5 120 126
181 43 9 89 72
181 27 4 111 77
181 15 17 127 102
181 64 3 96 127
181 13 6 125 65
181 4 0 106 91
181 0 15 40 128
181 22 30 73 92
181 6 15 114 80
181 36 4 103 102
181 24 20 79 86
181 45 3 104 79
181 37 13 93 103
181 6 9 70 119
181 2 26 80 66
181 5 9 127 116
181 4 40 44 79
181 4 0 67 120
181 20 6 55 127
181 14 12 104 125
181 42 3 101 63
181 45 25 127 88
181 30 0 110 127
181 5 4 78 128
181 9 23 115 101
181 32 25 117 108
181 20 11 105 124
181 28 14 89 87
181 1 4 102 127
181 8 12 103 101
181 31 4 97 90
181 36 2 114 70
181 52 15 121 103
181 19 11 61 127
181 11 3 73 127
181 7 8 68 122
181 31 18 104 69
181 3 1 67 127
181 47 32 108 97
181 28 5 120 68
181 13 4 76 107
181 30 30 68 121
181 22 1 123 54
181 64 7 126 86
181 32 8 118 103
181 31 3 105 109
181 39 9 76 128
181 1 6 104 125
181 21 9 96 119
181 22 18 120 109
181 4 0 94 109
181 64 1 121 128
181 10 41 74 71
181 28 22 93 53
181 11 5 113 95
181 62 23 120 62
181 48 25 80 114
181 4 1 83 118
181 0 1 128 90
181 23 2 115 120
181 18 7 65 128
181 3 8 117 68
181 43 0 90 56
181 1 40 48 71
181 46 33 127 122
181 22 1 114 123
181 9 3 119 96
181 16 13 65 57
181 29 5 113 83
181 24 7 90 44
181 44 9 97 128
181 25 58 119 100
181 44 9 95 40
181 23 11 84 46
181 4 3 101 89
181 62 0 109 56
181 28 8 112 124
181 11 2 59 59
181 7 10 70 127
181 19 30 75 78
181 63 8 120 55
181 19 6 127 60
181 57 45 108 82
181 15 6 105 77
181 53 29 99 124
181 15 1 107 95
181 2 28 40 61
181 6 6 44 128
181 18 13 90 69
181 19 21 62 56
181 3 23 81 126
181 14 3 67 84
181 38 0 117 121
181 34 13 109 128
181 9 13 80 127
181 0 12 88 120
181 55 9 126 114
181 8 0 110 80
181 39 9 82 51
181 1 1 127 68
181 10 1 58 120
181 12 32 127 88
181 0 0 124 78
181 37 21 106 56
181 10 8 55 72
181 15 3 59 75
181 45 3 125 108
181 4 18 127 106
181 25 4 59 83
181 16 0 92 104
181 15 19 96 99
181 35 22 105 125
181 14 14 127 127
181 37 7 75 124
181 29 0 122 106
181 4 2 126 65
181 21 37 96 87
181 3 2 54 114
181 7 1 106 88
181 3 7 91 128
181 8 0 128 52
181 27 3 128 106
181 26 21 101 92
181 9 24 128 98
181 40 15 98 84
181 27 19 102 123
181 4 0 127 110
181 6 10 111 101
181 19 1 120 128
181 18 1 80 126
181 2 4 56 123
181 15 1 126 106
181 0 0 89 125
181 11 20 80 127
181 17 0 122 117
181 38 4 90 113
181 28 15 105 47
181 11 4 113 101
181 38 38 74 77
181 13 5 90 127
181 6 26 89 112
181 18 5 75 103
181 34 1 126 105
181 26 3 80 117
181 25 2 128 110
181 42 5 101 118
181 0 18 71 107
181 59 38 127 74
181 19 7 110 127
181 19 2 124 105
181 41 7 97 102
181 23 4 104 101
181 40 12 81 115
181 16 3 87 112
181 56 35 121 101
181 2 5 51 128
181 15 2 96 120
181 13 12 95 128
181 44 15 104 96
181 6 0 101 80
181 49 27 122 100
181 8 7 60 127
181 18 2 103 62
181 20 5 73 88
181 30 4 67 125
181 19 12 119 74
181 61 24 112 80
181 16 4 88 107
181 28 8 75 120
181 35 22 94 65
181 7 1 116 91
181 11 61 82 123
181 16 1 63 125
181 45 14 114 110
181 12 4 104 85
181 2 7 128 62
181 3 0 108 107
181 2 0 125 118
181 33 4 118 113
181 64 0 127 77
181 13 4 125 107
181 34 18 78 64
181 47 20 96 63
181 37 9 113 60
181 21 22 98 81
181 12 7 81 96
181 35 12 90 42
181 6 5 112 105
181 3 0 97 124
181 72 17 115 97
181 55 23 107 69
181 29 0 95 111
181 6 0 77 67
181 33 46 71 87
181 26 0 125 86
181 23 0 75 89
181 0 10 100 95
181 21 8 90 76
181 8 27 43 63
181 18 2 62 127
181 1 0 103 96
181 53 31 83 93
181 22 11 115 96
181 22 0 98 101
181 15 7 91 83
181 25 7 110 98
181 1 9 77 68
181 90 18 121 113
181 16 2 124 118
181 15 7 101 127
181 48 15 126 72
181 9 0 73 127
181 27 17 101 94
181 9 3 91 84
181 27 0 84 128
181 43 13 119 90
181 9 12 87 98
181 12 0 84 103
181 63 22 94 117
181 22 9 72 58
181 34 4 111 97
181 44 39 76 71
181 33 4 110 117
181 12 28 68 69
181 6 4 72 127
181 93 6 125 39
181 6 10 67 65
181 12 0 116 98
181 0 0 113 99
181 16 1 113 90
181 5 0 75 126
181 17 10 96 90
181 31 6 110 60
181 47 9 85 128
181 0 5 58 60
181 33 13 78 128
181 4 1 74 99
181 6 12 42 53
181 5 10 109 125
181 0 0 56 124
181 51 9 81 40
181 7 18 112 117
181 5 0 123 112
181 13 34 102 67
181 39 29 95 87
181 17 5 76 111
181 6 5 117 123
181 25 10 82 127
181 0 3 99 110
181 14 3 75 85
181 69 33 109 66
181 20 15 123 101
181 57 0 127 79
181 26 5 122 99
181 0 3 41 128
181 13 17 123 99
181 5 11 37 126
181 8 3 128 58
181 47 14 83 127
181 32 0 102 107
181 53 9 108 128
181 7 9 81 115
181 12 18 79 126
181 5 5 95 127
181 2 3 100 119
181 13 1 82 94
181 31 6 73 52
181 34 8 105 109
181 25 6 115 126
181 17 28 66 125
181 33 5 88 128
181 53 21 85 121
181 16 12 78 127
181 9 24 47 113
181 8 26 125 114
181 54 0 123 124
181 7 0 108 123
181 17 63 103 125
181 20 3 92 127
181 93 38 127 119
181 14 3 113 128
181 40 15 71 128
181 15 3 72 58
181 14 15 118 80
181 2 12 55 116
181 8 1 109 86
181 46 8 79 44
181 28 0 113 108
181 9 48 56 93
181 15 27 68 81
181 34 28 85 76
181 16 2 120 99
181 79 7 111 109
181 13 10 90 103
181 6 0 86 126
181 10 0 86 120
181 34 2 98 89
181 36 5 94 121
181 51 5 88 126
181 29 4 127 99
181 10 13 125 91
181 40 22 114 68
181 31 7 113 103
181 8 17 41 111
181 71 54 110 89
181 4 2 90 120
181 12 24 116 107
181 1 0 83 120
181 24 26 98 65
181 42 15 81 67
181 2 3 125 114
181 13 24 98 107
181 19 9 83 66
181 31 9 119 128
181 53 9 90 127
181 26 22 124 102
181 2 8 119 118
181 3 12 122 103
181 37 15 85 124
181 1 0 119 102
181 22 19 93 120
181 22 24 110 65
181 12 3 98 88
181 19 27 56 84
181 79 0 112 30
181 18 8 60 127
181 26 1 83 83
181 38 15 97 63
181 1 10 74 41
181 4 9 119 90
181 0 7 99 127
181 33 5 98 93
181 0 2 117 36
181 31 2 101 81
181 4 5 127 99
181 51 23 94 61
181 10 11 123 121
181 10 4 74 89
181 7 12 96 118
181 3 14 54 114
181 2 3 123 120
181 35 27 82 123
181 18 26 76 61
181 2 24 52 116
181 81 6 123 52
181 17 16 61 63
181 11 19 96 117
181 43 18 96 121
181 37 8 109 114
181 13 50 52 90
181 54 0 120 32
181 14 9 95 96
181 17 4 63 60
181 2 6 125 78
181 2 2 73 91
181 33 2 113 102
181 25 13 88 126
181 7 0 117 70
181 1 13 128 79
181 13 0 81 111
181 7 4 115 104
181 42 4 117 50
181 2 3 122 96
181 65 11 117 61
181 21 15 115 128
181 37 12 121 68
181 6 33 54 95
181 27 6 95 67
181 39 17 113 128
181 10 16 121 83
181 25 34 99 81
181 22 50 113 117
181 0 0 105 120
181 4 12 38 53
181 2 4 60 114
181 20 0 94 127
181 48 0 127 107
181 36 9 89 113
181 77 6 120 75
181 9 10 81 60
181 48 11 118 99
181 14 8 120 99
181 52 6 105 109
181 48 5 87 98
181 60 9 96 49
181 9 1 113 88
181 6 23 116 100
181 5 6 120 108
181 65 0 107 57
181 3 9 85 114
181 3 6 111 117
181 47 2 91 128
181 19 11 74 127
181 35 1 112 128
181 4 11 52 54
181 30 15 110 114
181 22 20 97 119
181 19 37 118 87
181 9 6 117 63
181 5 1 60 127
181 10 26 86 127
181 46 3 118 77
181 19 41 97 102
181 44 12 92 57
181 18 16 112 102
181 1 9 69 119
181 0 0 72 125
181 28 15 126 78
181 15 59 66 118
181 39 15 105 101
181 2 19 99 127
181 24 5 123 128
181 22 11 68 114
181 21 10 87 92
181 3 79 40 127
181 44 5 91 124
181 47 28 83 73
181 47 4 108 105
181 21 1 83 90
181 24 1 125 98
181 13 17 99 128
181 21 6 72 76
181 10 1 125 77
181 19 19 76 56
181 13 0 103 115
181 12 51 96 114
181 1 4 101 98
181 56 10 87 48
181 33 17 78 114
181 45 4 128 71
181 50 10 99 85
181 0 1 115 87
181 42 4 120 108
181 38 16 114 73
181 5 0 124 116
181 3 5 50 116
181 6 6 60 127
181 1 1 97 89
181 6 0 124 87
181 8 16 84 126
181 14 4 123 61
181 51 32 85 66
181 5 16 76 98
181 19 12 113 90
181 56 21 104 93
181 24 4 104 82
181 10 5 42 58
181 3 16 111 113
181 0 2 109 79
181 7 8 104 119
181 19 16 77 87
181 15 0 119 38
181 28 3 104 118
181 24 3 73 67
181 1 5 108 106
181 47 0 115 53
181 0 7 103 125
181 28 9 111 58
181 1 0 64 126
181 0 33 47 81
181 32 1 109 112
181 22 27 95 128
181 10 3 96 127
181 14 2 88 110
181 20 5 80 116
181 15 25 126 114
181 39 6 127 83
181 35 48 75 102
181 16 13 118 79
181 7 11 101 82
181 3 3 80 103
181 0 1 64 125
181 47 0 124 64
181 16 16 83 62
181 35 20 105 121
181 30 6 81 57
181 21 12 114 118
181 40 18 97 69
181 15 8 114 106
181 74 18 120 84
181 25 14 92 72
181 3 1 94 58
181 32 0 92 124
181 6 19 128 121
181 16 0 56 89
181 9 3 108 90
181 15 0 94 93
181 24 1 101 113
181 16 0 128 92
181 38 6 94 128
181 45 3 103 126
181 16 0 116 116
181 16 12 67 52
181 17 10 106 128
181 20 2 95 60
181 15 2 108 83
181 42 4 100 115
181 38 0 85 57
181 2 5 57 127
181 33 8 101 128
181 38 10 79 109
181 48 3 101 127
181 30 5 91 83
181 22 1 126 93
181 9 1 103 127
181 51 8 121 98
181 27 5 67 116
181 5 2 104 125
181 22 48 123 89
181 0 18 98 59
181 9 9 128 46
181 4 9 83 121
181 3 12 114 128
181 24 14 70 123
181 15 10 88 101
181 36 1 102 110
181 8 10 115 68
181 10 31 60 85
181 28 21 104 60
181 28 10 119 94
181 62 55 94 86
181 69 33 110 82
181 15 5 102 127
181 30 3 126 91
181 8 0 102 128
181 48 4 118 84
181 65 0 127 44
181 43 8 111 108
181 40 8 124 119
181 7 0 118 86
181 42 1 91 128
181 9 22 113 92
181 41 17 88 128
181 40 1 97 87
181 7 4 73 128
181 44 0 122 113
181 49 2 118 72
181 25 3 110 110
181 23 0 92 99
181 11 0 85 104
181 52 3 103 118
181 4 7 55 128
181 35 22 111 88
181 46 9 101 117
181 22 17 101 112
181 4 0 59 126
181 15 0 112 103
181 5 4 105 79
181 10 3 65 124
181 18 2 76 128
181 18 1 105 82
181 24 6 127 60
181 43 3 111 53
181 10 2 116 109
181 1 13 128 110
181 59 4 124 71
181 2 17 91 63
181 3 5 49 128
181 12 8 104 84
181 34 7 82 59
181 22 15 83 55
181 24 8 81 100
181 6 3 118 125
181 18 8 128 75
181 48 6 116 127
181 27 8 104 87
181 49 0 98 62
181 24 13 117 117
181 8 30 78 99
181 35 1 127 119
181 4 35 56 113
181 17 6 106 118
181 27 11 92 66
181 17 6 102 127
181 6 26 59 66
181 10 2 62 123
181 3 14 53 114
181 7 27 74 119
181 3 35 34 77
181 27 2 125 105
181 25 45 81 104
181 49 25 125 80
181 44 28 120 60
181 4 16 77 127
181 11 16 46 49
181 49 21 94 63
181 27 21 116 79
181 71 0 126 40
181 15 2 71 43
181 5 6 111 86
181 1 30 64 106
181 1 1 93 127
181 17 1 127 93
181 0 17 94 63
181 42 3 112 88
181 1 0 114 87
181 34 4 122 111
181 29 5 103 108
181 26 36 113 93
181 30 5 124 124
181 0 12 88 53
181 21 40 89 85
181 27 14 62 128
181 24 18 104 115
181 6 5 94 127
181 39 12 113 97
181 13 1 93 111
181 55 0 113 60
181 23 44 90 126
181 5 0 48 102
181 11 6 86 91
181 28 26 73 73
181 6 6 112 78
181 22 6 120 73
181 15 0 119 107
181 9 26 42 59
181 0 53 64 124
181 36 3 125 62
181 68 16 126 96
181 8 1 124 110
181 13 8 96 81
181 39 10 122 109
181 21 12 102 95
181 9 4 45 123
181 2 83 72 120
181 3 1 102 127
181 4 0 100 106
181 2 29 111 91
181 9 12 82 122
181 18 7 101 90
181 30 4 60 61
181 1 9 88 127
181 0 0 111 55
181 56 1 107 107
181 4 35 123 92
181 24 19 109 93
181 1 13 73 64
181 26 9 112 113
181 3 25 105 84
181 0 5 116 108
181 14 0 80 117
181 3 7 71 105
181 8 7 102 104
181 0 2 50 128
181 13 0 127 108
181 2 37 74 74
181 80 9 118 128
181 12 77 57 108
181 30 20 102 77
181 2 2 62 127
181 58 0 121 31
181 26 17 86 128
181 83 16 117 52
181 53 7 101 56
181 48 13 113 58
181 9 18 106 56
181 34 15 72 91
181 11 0 60 32
181 29 1 86 128
181 51 1 103 103
181 11 0 63 71
181 30 2 110 105
181 23 5 90 96
181 7 0 110 96
181 60 16 121 100
181 15 14 84 128
181 7 20 54 53
181 8 3 106 116
181 28 3 127 68
181 16 6 122 63
181 44 0 96 48
181 12 2 90 124
181 36 6 105 108
181 10 4 94 99
181 11 10 81 128
181 42 3 73 127
181 70 28 109 64
181 9 6 115 94
181 0 2 52 120
181 89 3 127 43
181 23 0 105 124
181 38 44 97 96
181 10 10 75 128
181 28 6 70 128
181 22 3 121 110
181 12 0 124 66
181 2 0 92 114
181 20 32 79 77
181 6 6 127 78
181 72 5 117 47
181 46 1 89 117
181 14 6 105 82
181 56 5 108 54
181 8 3 111 71
181 24 13 126 85
181 23 3 108 112
181 12 22 112 67
181 9 7 86 110
181 23 5 68 127
181 40 12 102 93
181 16 1 60 33
181 24 7 64 54
181 30 14 93 103
181 21 0 94 101
181 3 6 61 107
181 9 56 60 95
181 20 5 65 126
181 5 27 128 98
181 30 5 98 100
181 13 5 88 119
181 5 1 127 103
181 13 8 50 121
181 20 14 63 114
181 16 0 127 109
181 23 20 53 55
181 8 2 125 48
181 24 1 120 98
181 5 17 77 60
181 49 0 119 87
181 39 3 126 104
181 31 24 79 116
181 11 0 81 36
181 59 4 126 64
181 0 16 50 116
181 32 0 126 97
181 41 22 103 109
181 21 11 119 98
181 40 1 127 83
181 52 8 86 88
181 21 3 119 53
181 51 10 121 72
181 36 13 127 71
181 9 14 87 68
181 6 2 96 126
181 0 0 94 109
181 70 3 101 63
181 10 14 116 126
181 2 5 49 126
181 38 33 122 114
181 29 9 105 101
181 56 4 98 62
181 15 8 103 103
181 33 0 94 127
181 23 5 127 94
181 2 17 112 120
181 5 0 97 118
181 12 11 48 128
181 4 1 58 128
181 21 8 92 127
181 40 14 105 62
181 3 1 121 106
181 29 14 65 60
181 13 13 82 91
181 6 26 78 98
181 42 7 126 123
181 37 3 96 76
181 18 21 107 78
181 34 16 81 92
181 8 20 111 115
181 26 12 108 78
181 60 2 104 48
181 4 42 79 100
181 4 11 117 124
181 19 8 110 65
181 3 1 62 105
181 71 0 128 42
181 14 23 78 63
181 6 0 71 125
181 1 3 125 62
181 80 20 112 51
181 62 43 122 79
181 16 2 114 97
181 35 28 66 62
181 11 19 83 83
181 23 13 123 120
181 18 10 113 83
181 12 0 105 128
181 7 0 115 125
181 28 32 76 104
181 23 6 91 101
181 6 43 48 106
181 7 2 75 128
181 9 7 80 41
181 2 15 114 78
181 34 3 117 106
181 42 8 120 105
181 42 6 121 83
181 42 0 114 70
181 48 1 98 55
181 4 1 110 100
181 15 2 121 101
181 29 16 109 115
181 25 1 109 85
181 90 2 123 46
181 73 24 112 57
181 34 22 78 60
181 20 0 80 51
181 30 4 126 104
181 16 3 75 103
181 7 12 58 126
181 45 9 112 102
181 0 6 118 80
181 15 14 107 128
181 2 39 37 111
181 0 0 98 94
181 21 15 82 79
181 10 5 88 127
181 28 8 122 122
181 26 8 97 48
181 3 14 56 119
181 25 4 105 126
181 45 6 119 115
181 21 24 59 65
181 45 0 127 83
181 10 7 48 71
181 18 6 107 126
181 25 12 123 114
181 44 22 84 67
181 17 5 93 104
181 10 62 73 104
181 14 5 96 127
181 41 18 84 100
181 30 28 70 73
181 7 0 93 90
181 38 10 78 125
181 16 4 117 124
181 4 15 115 128
181 44 24 113 65
181 5 19 53 90
181 44 14 81 47
181 18 9 111 120
181 11 1 43 128
181 13 0 79 127
181 20 0 88 128
181 3 0 105 128
181 43 2 109 115
181 16 11 106 94
181 43 21 97 75
181 15 13 68 123
181 4 6 41 127
181 0 1 60 127
181 36 10 120 127
181 20 35 90 81
181 33 8 69 127
181 19 0 78 128
181 22 6 119 59
181 27 7 103 69
181 0 2 125 81
181 8 25 100 70
181 5 23 90 127
181 39 2 112 127
181 15 15 113 115
181 6 21 59 89
181 28 8 116 98
181 56 29 109 94
181 19 12 72 87
181 54 2 95 127
181 82 1 126 37
181 17 13 95 98
181 14 3 120 97
181 41 0 96 51
181 30 15 108 47
181 35 3 82 113
181 39 6 126 81
181 27 3 118 65
181 4 11 55 125
181 17 9 91 98
181 43 6 83 124
181 36 7 97 92
181 13 12 94 120
181 8 16 40 106
181 5 8 50 113
181 23 13 90 128
181 0 2 127 57
181 26 3 128 102
181 34 38 65 74
181 29 6 66 118
181 31 5 105 73
181 36 0 70 65
181 31 10 111 90
181 25 9 84 120
181 1 0 117 102
181 48 42 81 80
181 33 1 121 117
181 55 16 124 91
181 1 7 116 98
181 60 4 128 60
181 58 12 96 66
181 0 3 114 78
181 12 8 49 81
181 7 21 83 128
181 4 6 100 118
181 10 5 117 115
181 5 5 116 128
181 13 63 89 126
181 50 2 117 105
181 4 3 107 75
181 4 2 111 82
181 16 7 73 115
181 43 0 127 75
181 53 12 125 46
181 31 4 97 101
181 40 10 91 123
181 33 29 110 101
181 15 1 107 111
181 10 53 95 118
181 67 49 115 83
181 10 30 126 83
181 7 15 120 125
181 0 0 128 111
181 4 13 124 128
181 58 6 97 47
181 15 18 89 87
181 39 10 114 78
181 36 13 101 100
181 49 2 94 119
181 5 3 122 94
181 29 13 118 124
181 13 14 44 61
181 50 14 117 89
181 32 6 112 96
181 24 19 126 71
181 27 9 97 98
181 18 1 127 120
181 10 21 50 81
181 4 1 124 127
181 0 10 95 87
181 9 44 57 96
181 17 0 113 94
181 63 7 113 67
181 73 2 127 41
181 9 8 121 79
181 25 4 122 97
181 21 13 102 127
181 66 12 123 61
181 44 8 114 128
181 0 2 123 103
181 25 14 114 104
181 38 1 88 116
181 44 65 109 105
181 10 16 124 109
181 1 28 111 125
181 16 30 60 119
181 37 21 79 88
181 17 23 125 81
181 40 15 92 51
181 18 24 117 73
181 7 2 126 122
181 22 56 87 106
181 44 57 80 101
181 12 5 59 127
181 12 15 106 128
181 45 11 104 65
181 26 0 109 70
181 1 3 44 107
181 18 13 75 83
181 48 7 95 47
181 17 5 94 98
181 24 14 98 64
181 8 14 69 122
181 8 11 90 127
181 7 4 91 126
181 5 21 103 74
181 50 27 123 117
181 48 15 94 59
181 14 0 108 97
181 25 9 122 105
181 10 0 126 75
181 41 0 88 83
181 22 22 87 68
181 9 19 68 126
181 17 43 56 119
181 35 3 109 72
181 38 26 100 91
181 26 10 110 119
181 33 18 87 126
181 33 64 84 97
181 29 33 109 98
181 4 14 59 128
181 2 4 75 128
181 63 9 116 82
181 1 1 80 127
181 4 12 109 127
181 21 7 99 106
181 32 0 95 122
181 6 1 100 121
181 3 6 118 81
181 37 8 116 99
181 0 14 116 74
181 22 3 108 34
181 0 1 102 74
181 29 5 119 100
181 0 0 125 100
181 65 14 101 127
181 54 1 91 128
181 2 0 94 103
181 24 8 98 122
181 22 2 99 106
181 10 9 89 73
181 33 1 103 96
181 68 23 122 87
181 15 5 116 100
181 33 0 100 77
181 16 5 116 113
181 2 17 121 85
181 2 29 62 105
181 5 17 128 123
181 42 16 114 65
181 37 20 112 89
181 8 0 113 68
181 31 1 103 110
181 24 22 73 105
181 7 9 99 108
181 0 0 71 128
181 28 7 98 107
181 22 28 67 58
181 48 8 114 56
181 2 9 70 92
181 5 8 84 60
181 23 20 72 64
181 70 50 101 81
181 0 20 117 117
181 16 8 98 122
181 6 16 100 106
181 16 14 50 62
181 3 18 95 128
181 16 46 73 125
181 28 6 108 104
181 11 2 63 127
181 33 0 93 43
181 16 16 96 88
181 25 28 61 117
181 8 3 118 101
181 21 1 65 53
181 23 1 93 105
181 9 23 97 65
181 32 19 87 61
181 43 7 104 128
181 23 7 122 85
181 21 2 125 105
181 14 6 127 80
181 30 6 89 69
181 9 6 94 99
181 7 1 50 124
181 24 4 126 81
181 35 7 121 100
181 6 4 104 59
181 27 12 97 49
181 1 14 102 116
181 2 3 128 83
181 10 12 87 127
181 19 72 64 109
181 7 27 50 87
181 46 22 119 77
181 24 2 112 123
181 4 0 99 38
181 1 28 85 102
181 36 6 117 110
181 28 1 71 38
181 16 4 78 81
181 27 11 74 68
181 13 9 106 127
181 35 16 115 88
181 20 16 89 128
181 9 3 72 126
181 52 15 88 50
181 0 0 80 114
181 20 2 113 101
181 13 15 95 87
181 14 13 90 100
181 12 8 127 118
181 28 10 128 101
181 4 4 88 118
181 6 11 92 125
181 37 35 69 80
181 14 15 94 121
181 14 4 101 115
181 41 6 96 109
181 12 11 103 123
181 1 39 94 86
181 61 4 125 91
181 0 9 75 118
181 39 6 86 112
181 17 2 73 127
181 20 8 114 100
181 10 2 109 47
181 17 67 81 124
181 27 1 125 105
181 18 3 116 96
181 9 2 112 78
181 19 9 118 77
181 27 16 103 101
181 31 15 62 90
181 74 0 107 102
181 25 37 85 87
181 1 1 50 128
181 0 5 97 128
181 29 2 82 84
181 21 8 101 127
181 18 2 120 90
181 0 7 78 43
181 70 8 101 124
181 29 8 60 127
181 3 4 117 101
181 29 8 107 42
181 30 68 120 120
181 23 9 127 61
181 39 0 98 123
181 42 13 83 48
181 40 25 118 59
181 26 7 116 37
181 3 60 60 102
181 9 3 112 80
181 8 0 55 84
181 6 28 58 58
181 7 4 99 110
181 36 0 126 100
181 19 1 76 127
181 36 18 119 82
181 6 1 74 127
181 45 0 100 84
181 73 64 106 99
181 54 22 128 60
181 16 4 116 96
181 9 1 128 92
181 24 22 107 102
181 33 3 112 92
181 5 7 125 69
181 18 0 103 88
181 14 12 91 74
181 20 6 113 86
181 30 4 91 127
181 6 6 118 127
181 24 1 108 77
181 33 19 75 69
181 2 4 126 101
181 17 8 71 112
181 36 31 71 71
181 32 1 87 97
181 12 0 114 127
181 6 0 96 123
181 1 48 61 80
181 15 1 59 42
181 11 4 112 116
181 8 13 117 82
181 21 5 91 70
181 17 27 75 70
181 50 4 111 122
181 29 33 82 117
181 49 12 107 82
181 49 6 85 94
181 23 0 125 46
181 25 38 90 113
181 12 0 82 110
181 21 15 104 127
181 7 0 115 100
181 18 14 104 128
181 15 4 96 124
181 3 1 86 128
181 10 11 109 65
181 18 33 53 118
181 25 0 74 126
181 39 4 96 107
181 10 3 95 100
181 18 2 76 116
181 36 1 88 117
181 3 5 121 67
181 7 3 120 65
181 25 46 96 125
181 0 0 53 115
181 8 13 82 127
181 45 0 98 38
181 50 1 109 127
181 14 0 104 83
181 39 19 116 66
181 28 9 94 126
181 31 0 88 95
181 6 0 67 103
181 23 13 107 110
181 14 17 56 50
181 56 32 103 126
181 9 5 97 120
181 1 45 60 93
181 14 9 120 80
181 7 13 60 77
181 8 0 76 126
181 7 4 99 98
181 8 14 93 79
181 69 26 127 110
181 36 2 85 68
181 69 5 117 127
181 10 7 101 113
181 89 12 127 62
181 4 5 108 117
181 0 0 110 80
181 57 2 99 56
181 37 20 71 104
181 0 1 86 101
181 18 22 127 109
181 6 0 96 125
181 4 13 65 95
181 8 1 127 83
181 0 2 122 76
181 58 38 126 112
181 26 0 103 98
181 51 30 117 112
181 45 26 92 115
181 26 2 83 117
181 23 16 70 62
181 17 7 57 111
181 3 1 84 82
181 51 10 103 114
181 13 5 64 127
181 7 21 127 64
181 35 10 119 107
181 62 33 108 78
181 31 8 119 67
181 1 0 103 112
181 48 29 99 71
181 37 20 116 128
181 12 0 102 115
181 17 49 91 119
181 62 4 115 111
181 21 3 101 56
181 10 7 115 110
181 79 53 115 125
181 34 0 75 43
181 52 14 106 79
181 6 8 94 114
181 4 2 56 127
181 11 12 115 104
181 5 0 126 71
181 36 16 115 90
181 37 5 122 114
181 16 11 101 80
181 33 3 116 112
181 17 29 76 104
181 28 50 85 119
181 2 0 102 110
181 4 0 70 127
181 24 1 74 85
181 11 27 128 94
181 34 3 97 124
181 38 8 93 117
181 6 19 76 118
181 8 3 127 100
181 0 1 76 127
181 4 12 51 113
181 5 13 59 83
181 19 1 94 125
181 35 19 89 91
181 35 5 83 48
181 24 2 112 67
181 36 6 100 67
181 1 20 52 128
181 76 0 128 32
181 14 1 108 88
181 13 10 85 100
181 16 0 121 77
181 6 30 62 114
181 12 46 127 89
181 33 11 91 63
181 30 0 73 63
181 25 6 116 109
181 14 12 124 119
181 0 2 63 127
181 46 17 108 95
181 41 11 107 102
181 16 0 69 114
181 16 28 65 75
181 4 0 53 79
181 11 6 110 128
181 1 12 115 72
181 33 3 126 97
181 36 9 116 70
181 1 21 124 79
181 16 6 120 98
181 27 18 77 83
181 18 9 109 128
181 2 1 119 104
181 8 1 64 125
181 18 6 66 52
181 2 4 49 41
181 2 15 89 121
181 59 17 91 50
181 1 5 96 118
181 11 6 101 101
181 17 1 72 124
181 44 5 74 127
181 13 16 81 128
181 31 12 68 128
181 13 10 87 128
181 34 5 117 77
181 22 5 109 87
181 0 4 44 128
181 5 0 116 99
181 6 7 106 90
181 8 0 104 81
181 3 9 89 92
181 11 6 126 107
181 19 8 112 126
181 37 6 74 123
181 1 5 52 75
181 40 10 106 84
181 35 9 117 118
181 20 10 126 69
181 22 3 111 118
181 17 15 80 103
181 5 9 106 126
181 8 19 72 74
181 2 0 65 128
181 17 3 115 88
181 32 18 93 80
181 38 7 76 56
181 7 2 92 108
181 27 8 101 97
181 18 26 56 60
181 53 17 111 56
181 12 2 80 71
181 16 22 89 128
181 0 33 113 121
181 14 2 119 99
181 2 3 87 85
181 19 4 119 123
181 6 1 122 117
181 8 10 70 96
181 17 0 116 107
181 3 1 120 89
181 30 12 122 69
181 29 23 80 124
181 24 1 92 48
181 40 7 88 54
181 13 3 84 46
181 22 4 88 107
181 41 16 104 91
181 3 20 87 128
181 7 0 69 125
181 10 7 83 128
181 43 1 127 98
181 30 7 81 43
181 28 2 97 49
181 7 2 83 93
181 46 28 117 117
181 36 27 100 111
181 19 13 103 110
181 4 19 61 74
181 80 0 124 37
181 31 2 118 86
181 12 4 96 87
181 47 40 84 121
181 19 17 75 64
181 0 4 94 115
181 53 16 111 92
181 6 21 39 60
181 7 6 115 87
181 30 43 64 83
181 42 2 93 70
181 22 6 86 62
181 21 0 83 100
181 44 0 122 59
181 35 19 79 86
181 24 7 123 100
181 25 30 62 60
181 40 9 87 64
181 45 1 124 123
181 36 10 102 106
181 3 15 91 122
181 33 3 81 35
181 17 9 110 100
181 14 0 106 109
181 20 47 73 84
181 20 15 105 92
181 5 29 81 62
181 20 5 68 82
181 1 7 127 72
181 25 5 78 105
181 14 2 91 58
181 39 12 86 52
181 6 3 81 55
181 31 6 86 72
181 22 45 54 76
181 3 18 126 72
181 18 7 108 70
181 12 3 117 107
181 0 0 118 68
181 25 0 109 119
181 10 14 99 98
181 1 7 75 95
181 16 14 71 78
181 24 5 127 72
181 22 0 125 56
181 13 19 99 55
181 18 36 116 103
181 73 10 110 126
181 3 0 101 126
181 10 13 87 75
181 15 15 101 99
181 30 23 68 61
181 40 0 89 109
181 15 20 54 60
181 0 35 109 104
181 44 13 106 62
181 77 0 120 46
181 3 34 37 88
181 10 9 63 93
181 40 0 127 97
181 59 2 108 65
181 27 10 84 87
181 40 9 110 74
181 42 1 121 120
181 14 14 92 127
181 4 5 126 128
181 20 10 75 122
181 24 6 127 45
181 0 52 40 89
181 0 15 64 128
181 4 0 42 38
181 22 1 115 84
181 37 21 104 62
181 27 0 101 105
181 55 0 103 31
181 47 5 97 128
181 33 9 124 70
181 17 0 124 108
181 25 13 89 96
181 17 15 93 67
181 16 12 124 102
181 18 13 123 99
181 7 27 53 126
181 45 9 110 101
181 29 1 116 71
181 59 3 117 96
181 26 1 124 65
181 42 10 118 86
181 19 8 128 66
181 18 1 110 100
181 1 5 100 76
181 65 5 104 43
181 12 0 66 128
181 26 8 121 56
181 24 12 107 101
181 22 4 105 128
181 56 3 94 39
181 19 4 113 55
181 22 0 128 113
181 61 24 106 111
181 16 3 121 120
181 17 29 69 63
181 58 9 111 127
181 0 13 76 121
181 4 10 91 123
181 11 8 83 103
181 18 16 104 66
181 21 0 119 114
181 46 18 91 96
181 7 1 76 59
181 44 13 128 69
181 34 16 103 116
181 23 36 67 89
181 82 26 127 106
181 10 5 47 128
181 26 5 87 122
181 17 6 82 44
181 57 21 89 51
181 4 4 94 106
181 3 5 118 104
181 63 33 115 82
181 17 1 72 127
181 26 20 97 76
181 6 1 72 125
181 56 21 117 107
181 20 0 116 118
181 15 3 116 72
181 13 10 94 127
181 34 30 127 76
181 15 0 120 35
181 33 2 112 128
181 6 0 106 106
181 15 31 60 69
181 45 2 105 59
181 15 0 122 112
181 20 1 115 90
181 44 2 107 93
181 37 63 70 100
181 39 21 88 66
181 10 15 97 122
181 10 20 54 73
181 42 22 89 114
181 37 0 124 49
181 35 8 72 121
181 35 8 94 83
181 23 13 97 102
181 13 9 83 121
181 33 5 103 89
181 2 0 105 93
181 22 23 67 80
181 1 16 63 60
181 12 3 106 84
181 56 9 119 90
181 56 42 112 80
181 5 19 43 71
181 16 41 88 114
181 44 44 104 98
181 26 22 71 60
181 20 0 99 93
181 39 3 127 111
181 9 0 41 52
181 7 3 128 102
181 41 1 88 117
181 51 4 92 35
181 11 0 73 121
181 8 16 105 92
181 17 1 120 54
181 9 18 84 48
181 39 12 86 105
181 33 1 116 99
181 37 3 85 128
181 20 15 74 75
181 14 0 103 117
181 40 38 98 89
181 16 19 100 90
181 20 1 102 121
181 21 7 67 64
181 39 0 128 42
181 60 30 114 81
181 30 2 65 87
181 45 7 127 62
181 41 11 119 105
181 31 14 114 127
181 5 41 46 114
181 6 9 95 92
181 2 36 70 82
181 54 16 102 112
181 3 15 90 118
181 17 0 111 115
181 53 3 97 128
181 5 0 62 128
181 45 1 124 128
181 74 1 113 93
181 29 6 127 91
181 25 5 128 109
181 15 14 101 116
181 21 71 69 117
181 3 20 73 127
181 17 16 98 69
181 14 3 123 86
181 11 7 127 81
181 30 18 106 88
181 8 7 123 82
181 36 15 119 95
181 27 3 123 126
181 7 12 66 125
181 40 41 77 98
181 1 6 57 128
181 7 6 98 102
181 19 1 93 76
181 6 1 83 94
181 20 16 75 97
181 21 6 67 106
181 6 6 56 128
181 19 4 72 90
181 2 18 101 67
181 10 0 117 109
181 10 8 119 125
181 26 9 63 127
181 53 36 102 94
181 12 0 63 47
181 7 7 74 98
181 1 19 70 115
181 16 74 84 116
181 49 0 113 114
181 10 1 71 104
181 79 2 125 46
181 8 0 111 127
181 22 10 103 113
181 36 27 117 79
181 13 16 88 116
181 4 0 92 121
181 32 17 101 103
181 5 1 122 99
181 13 10 125 100
181 9 31 49 75
181 52 0 112 105
181 11 14 66 119
181 28 7 115 119
181 49 13 87 120
181 1 3 55 123
181 30 5 124 89
181 30 11 74 126
181 27 25 68 125
181 30 3 96 128
181 2 17 84 125
181 53 5 89 40
181 13 9 102 127
181 4 27 106 101
181 18 0 100 125
181 20 7 99 107
181 6 18 92 116
181 0 0 91 80
181 28 2 92 127
181 13 0 78 87
181 21 16 98 107
181 12 3 119 94
181 25 19 124 80
181 28 68 100 112
181 28 27 107 86
181 10 0 87 93
181 26 24 112 54
181 28 6 66 126
181 72 21 117 106
