1 56 40 120 124
2 4 36 111 92
3 25 10 111 59
4 24 10 95 46
5 45 12 127 52
6 28 28 128 82
7 66 4 127 55
8 0 0 113 116
9 19 10 125 98
10 3 7 116 70
11 32 3 125 73
12 2 11 93 83
13 36 6 113 48
14 89 6 128 117
15 13 70 73 112
16 23 12 102 51
17 1 41 110 127
18 4 0 127 72
19 13 3 120 57
20 46 23 118 67
21 0 40 67 100
22 16 39 104 84
23 5 12 94 44
24 0 3 120 86
25 11 10 127 90
26 0 7 101 65
27 2 32 98 66
28 0 4 101 100
29 14 9 107 48
30 31 15 109 52
31 36 0 120 31
32 23 10 123 96
33 2 3 107 42
34 2 42 83 95
35 17 7 127 57
36 39 51 117 89
37 0 0 124 111
38 23 59 80 111
39 17 10 116 89
40 8 17 114 72
41 0 19 74 75
42 0 14 107 80
43 33 0 106 49
44 7 2 88 32
45 74 36 128 67
46 12 9 127 87
47 5 4 124 72
48 21 5 127 119
49 50 62 115 106
50 17 16 119 52
51 10 54 92 93
52 60 42 117 76
53 4 11 119 73
54 5 0 126 83
55 18 1 76 44
56 5 13 87 60
57 15 17 127 66
58 10 3 110 75
59 60 36 127 77
60 35 22 103 75
61 0 41 110 100
62 43 0 111 43
63 74 16 121 46
64 25 17 64 47
65 11 31 62 67
66 37 19 117 54
67 0 3 103 79
68 19 13 92 77
69 56 26 124 74
70 16 29 120 90
71 6 46 104 85
72 39 1 128 66
73 53 8 127 117
74 22 79 115 121
75 11 20 109 61
76 35 4 88 44
77 34 20 93 116
78 0 0 109 98
79 34 45 106 92
80 97 1 128 39
81 0 36 127 125
82 52 32 103 63
83 2 4 116 52
84 0 3 126 37
85 3 2 115 70
86 18 18 81 62
87 30 16 127 51
88 0 0 54 68
89 2 18 89 68
90 5 13 74 63
91 13 3 98 38
92 14 29 94 80
93 3 0 113 103
94 11 11 113 64
95 44 8 109 61
96 7 12 127 81
97 2 41 113 86
98 4 10 125 86
99 10 3 120 58
100 33 60 111 107
101 6 21 107 54
102 0 25 49 102
103 76 33 120 66
104 51 0 108 38
105 53 20 117 72
106 2 6 121 76
107 27 7 128 70
108 67 4 126 34
109 27 14 105 45
110 1 46 58 76
111 62 16 115 91
112 26 23 87 65
113 27 54 100 112
114 6 11 120 94
115 23 13 105 69
116 2 4 122 73
117 1 14 112 77
118 10 21 115 74
119 20 19 120 74
120 24 15 67 58
121 18 8 124 61
122 0 0 77 92
123 0 0 120 100
124 36 25 120 87
125 33 15 98 61
126 18 14 94 59
127 15 8 107 80
128 1 17 112 61
129 59 14 118 58
130 2 15 72 63
131 33 25 98 61
132 55 13 109 50
133 0 9 105 76
134 24 25 102 65
135 19 9 116 68
136 4 13 126 103
137 17 2 123 84
138 9 7 113 60
139 9 3 124 66
140 14 31 66 75
141 6 44 100 93
142 4 7 127 91
143 3 12 115 56
144 90 0 127 51
145 16 4 126 69
146 63 23 124 105
147 1 18 114 73
148 0 6 96 69
149 21 4 116 40
150 5 16 128 97
151 17 19 115 104
152 41 30 111 86
153 48 58 80 110
154 3 82 77 127
155 67 12 126 53
156 65 6 122 83
157 13 21 88 75
158 45 36 119 80
159 18 38 92 88
160 8 8 111 69
161 95 0 128 47
162 0 0 91 101
163 23 20 115 99
164 61 23 124 108
165 62 36 93 68
166 89 6 127 109
167 0 40 47 113
168 4 40 91 83
169 61 21 126 52
170 3 0 69 41
171 54 14 116 45
172 33 29 112 107
173 0 0 119 107
174 0 5 95 125
175 58 35 112 86
176 0 9 35 62
177 31 17 83 52
178 0 20 36 56
179 14 19 91 76
180 27 29 113 64
181 13 12 112 59
181 19 12 65 48
181 37 70 103 109
181 0 25 100 76
181 38 3 128 38
181 7 28 98 88
181 64 11 124 49
181 30 30 86 67
181 0 0 106 48
181 25 31 62 69
181 61 0 128 63
181 0 4 120 84
181 25 0 128 115
181 12 1 109 86
181 6 3 96 60
181 13 8 112 66
181 56 2 109 127
181 24 31 112 79
181 27 25 119 67
181 74 35 107 66
181 0 0 92 78
181 2 11 117 80
181 10 34 110 88
181 0 4 109 100
181 0 0 112 73
181 43 14 128 67
181 28 6 119 40
181 6 26 127 77
181 18 14 112 59
181 52 60 114 101
181 88 6 122 98
181 34 1 79 34
181 4 7 79 44
181 0 22 122 70
181 33 7 126 56
181 10 6 112 94
181 78 3 127 125
181 18 0 124 59
181 16 30 110 87
181 0 45 30 106
181 0 29 114 73
181 64 26 98 56
181 88 42 123 96
181 44 19 117 57
181 44 4 126 51
181 49 14 109 52
181 4 43 84 96
181 0 0 121 125
181 14 7 115 77
181 24 2 114 85
181 19 10 91 46
181 12 5 119 82
181 0 11 87 104
181 0 60 69 100
181 4 0 102 31
181 7 3 112 47
181 9 28 85 64
181 12 22 101 72
181 13 12 102 52
181 0 49 101 103
181 41 19 97 58
181 1 36 67 66
181 28 6 96 58
181 42 1 125 45
181 15 5 120 98
181 0 27 77 70
181 37 23 118 69
181 14 7 96 59
181 64 17 128 66
181 55 0 128 107
181 21 5 113 47
181 27 35 109 96
181 17 0 127 99
181 0 0 109 93
181 0 0 128 114
181 89 13 128 119
181 2 5 94 65
181 21 21 109 70
181 83 17 127 71
181 50 15 126 46
181 86 8 128 115
181 23 11 119 73
181 64 58 109 97
181 27 24 123 59
181 0 5 115 60
181 13 16 94 46
181 3 31 88 65
181 20 33 116 64
181 16 1 77 59
181 1 12 101 68
181 25 7 128 74
181 9 1 99 51
181 15 2 94 55
181 18 22 127 107
181 2 3 125 40
181 7 1 54 35
181 11 6 71 41
181 46 8 115 52
181 59 19 93 68
181 35 3 125 72
181 20 18 113 64
181 12 13 128 105
181 36 17 113 53
181 69 9 128 57
181 36 23 128 107
181 0 28 116 73
181 10 7 128 115
181 64 1 127 53
181 3 0 114 52
181 57 20 115 56
181 76 5 128 44
181 37 9 127 43
181 28 6 108 58
181 4 1 87 59
181 58 8 120 113
181 11 23 125 83
181 26 0 115 128
181 0 7 122 75
181 31 43 120 106
181 21 31 112 94
181 59 1 124 54
181 27 16 82 55
181 47 0 128 99
181 54 41 111 72
181 33 42 103 127
181 0 0 78 49
181 24 1 128 79
181 25 15 125 48
181 0 8 109 77
181 26 3 128 81
181 44 96 84 127
181 9 0 103 128
181 1 11 105 74
181 0 0 69 96
181 29 21 90 68
181 0 7 115 75
181 29 12 113 51
181 63 7 128 51
181 54 16 124 54
181 27 2 128 56
181 97 0 128 44
181 8 22 67 120
181 32 30 125 83
181 2 2 68 51
181 0 7 127 112
181 11 13 76 125
181 54 57 116 103
181 4 32 109 95
181 16 40 85 88
181 1 15 93 69
181 0 7 112 65
181 22 13 70 53
181 7 1 109 93
181 7 1 53 31
181 62 1 118 37
181 23 15 125 72
181 17 24 127 117
181 51 87 95 124
181 9 37 121 88
181 0 40 87 82
181 14 7 95 40
181 59 2 128 32
181 31 11 87 47
181 4 17 114 62
181 1 10 127 60
181 12 11 118 89
181 0 25 114 70
181 9 29 121 64
181 5 6 123 75
181 0 3 106 92
181 1 18 118 83
181 15 17 87 69
181 0 4 125 82
181 12 59 90 116
181 0 0 118 104
181 4 4 116 50
181 3 11 127 61
181 0 0 119 87
181 48 13 104 46
181 35 11 105 72
181 0 0 127 114
181 10 4 128 62
181 39 25 89 64
181 2 2 110 59
181 0 68 34 119
181 3 22 115 94
181 8 13 62 55
181 45 37 127 79
181 7 44 70 81
181 61 26 119 80
181 5 18 116 71
181 7 25 100 89
181 9 38 82 75
181 30 0 121 45
181 12 15 128 87
181 0 4 110 44
181 12 2 92 56
181 0 78 32 127
181 0 0 91 116
181 0 7 123 63
181 0 13 33 85
181 0 4 111 61
181 0 15 71 66
181 12 10 84 62
181 20 22 128 68
181 0 46 88 116
181 6 10 116 68
181 37 13 122 45
181 23 46 128 116
181 0 11 109 82
181 3 3 123 80
181 0 3 114 87
181 8 3 71 39
181 15 11 82 122
181 19 22 84 70
181 6 15 39 46
181 23 6 122 70
181 10 5 89 44
181 2 0 104 64
181 1 5 77 62
181 27 84 85 116
181 0 15 121 73
181 11 50 124 118
181 14 20 99 69
181 5 3 123 65
181 30 14 125 71
181 1 0 127 114
181 8 0 123 103
181 0 2 115 79
181 27 6 124 89
181 0 17 68 56
181 50 23 125 57
181 49 61 87 105
181 12 6 99 74
181 75 16 105 64
181 95 1 128 73
181 49 30 106 69
181 14 17 107 56
181 32 17 94 123
181 0 4 93 94
181 90 5 126 55
181 0 1 102 45
181 3 61 114 112
181 5 6 124 56
181 36 16 99 53
181 1 6 92 65
181 4 27 66 59
181 0 0 109 94
181 34 8 116 70
181 1 24 37 57
181 50 10 128 62
181 32 12 127 60
181 4 1 125 102
181 0 10 63 54
181 35 11 126 81
181 0 0 110 59
181 31 1 110 46
181 25 1 112 72
181 18 36 92 83
181 3 22 84 64
181 0 7 82 79
181 3 13 83 45
181 0 4 109 72
181 2 39 102 97
181 0 6 118 82
181 0 0 83 123
181 37 38 123 76
181 8 15 98 93
181 25 0 126 54
181 0 5 76 40
181 0 0 122 103
181 2 65 60 104
181 0 55 37 110
181 20 9 118 46
181 15 44 111 99
181 42 57 77 97
181 1 63 39 109
181 0 3 117 128
181 5 14 127 97
181 43 27 115 65
181 4 6 95 81
181 12 0 116 76
181 8 3 117 68
181 0 11 94 118
181 24 14 118 93
181 38 19 121 58
181 0 23 59 110
181 31 30 86 62
181 18 25 117 70
181 56 37 122 67
181 3 13 115 66
181 12 43 119 92
181 34 0 115 51
181 24 21 128 75
181 30 21 91 68
181 0 3 114 74
181 32 5 98 53
181 18 15 115 75
181 27 39 83 75
181 14 0 125 94
181 7 42 127 101
181 0 24 95 76
181 23 51 93 96
181 95 2 127 97
181 0 19 113 66
181 0 4 102 68
181 84 0 128 36
181 2 0 114 59
181 6 42 108 90
181 21 15 111 70
181 44 23 128 119
181 25 9 113 84
181 21 3 81 41
181 21 17 68 51
181 24 1 127 100
181 38 10 109 51
181 37 0 120 128
181 7 26 69 67
181 6 8 91 81
181 18 10 117 69
181 0 20 119 93
181 18 34 89 77
181 29 18 105 65
181 6 18 126 72
181 95 11 128 102
181 7 22 93 68
181 8 5 114 48
181 32 0 128 90
181 48 28 128 67
181 26 18 123 53
181 24 16 91 55
181 0 0 121 71
181 1 23 119 65
181 0 0 109 57
181 2 0 126 116
181 1 0 125 100
181 15 4 86 58
181 0 0 80 115
181 22 0 118 128
181 0 7 55 64
181 32 62 116 105
181 17 17 128 57
181 48 10 128 58
181 11 23 86 63
181 18 41 109 85
181 35 2 122 39
181 33 39 93 117
181 22 11 117 82
181 25 32 102 90
181 0 2 120 70
181 41 46 83 78
181 37 22 112 80
181 10 15 114 92
181 0 13 83 64
181 11 17 99 55
181 0 0 85 74
181 64 21 112 85
181 0 0 90 73
181 8 41 47 72
181 15 9 109 58
181 5 22 67 73
181 37 39 94 84
181 8 17 110 86
181 6 34 119 92
181 14 43 89 89
181 0 0 54 102
181 57 15 125 82
181 8 12 127 70
181 0 12 99 56
181 45 1 128 31
181 29 48 83 92
181 74 26 127 71
181 4 0 106 128
181 54 6 98 63
181 24 45 80 119
181 22 8 114 79
181 5 3 106 70
181 67 12 127 113
181 27 0 109 128
181 0 0 123 103
181 13 42 69 74
181 11 0 93 44
181 18 1 114 57
181 51 1 95 32
181 79 34 121 65
181 30 26 79 65
181 11 32 115 71
181 36 35 78 66
181 50 29 115 81
181 55 33 95 64
181 30 12 120 53
181 14 9 127 54
181 9 15 108 90
181 19 18 115 54
181 93 41 124 79
181 33 9 121 49
181 31 13 90 51
181 7 7 102 81
181 0 1 105 83
181 0 0 109 98
181 20 5 110 56
181 0 0 108 105
181 1 9 127 104
181 2 3 125 73
181 0 9 39 86
181 0 49 30 79
181 65 1 108 63
181 10 33 88 92
181 10 3 95 64
181 20 20 124 69
181 1 23 116 69
181 39 30 106 64
181 10 7 128 68
181 7 13 119 78
181 0 0 117 122
181 64 18 119 89
181 27 12 111 71
181 27 13 127 43
181 7 0 125 85
181 1 87 94 127
181 3 5 112 53
181 67 19 125 52
181 8 11 127 57
181 29 2 102 55
181 47 30 115 99
181 6 8 122 77
181 31 69 63 106
181 8 17 84 76
181 32 9 115 90
181 15 39 108 95
181 48 17 110 63
181 31 13 107 69
181 20 4 121 80
181 40 6 125 67
181 0 7 124 66
181 22 27 105 65
181 29 7 118 57
181 50 9 113 43
181 40 14 113 48
181 52 19 111 55
181 14 18 126 91
181 2 16 126 82
181 37 0 122 128
181 0 17 81 127
181 20 7 121 79
181 6 38 66 91
181 0 60 55 127
181 9 8 72 53
181 0 12 38 54
181 28 15 125 52
181 28 56 112 95
181 22 5 118 47
181 1 14 84 52
181 0 32 100 114
181 31 18 128 106
181 11 0 128 97
181 22 0 107 127
181 85 1 128 74
181 19 10 127 60
181 67 2 116 32
181 2 7 122 69
181 0 2 127 102
181 0 38 64 75
181 29 0 127 122
181 4 21 117 67
181 54 14 112 110
181 2 52 85 93
181 10 0 114 67
181 11 1 87 45
181 0 10 99 73
181 40 0 120 127
181 50 17 126 52
181 4 15 78 51
181 27 8 119 56
181 23 15 73 100
181 32 6 128 60
181 27 18 89 68
181 0 61 37 102
181 5 32 96 127
181 11 0 128 75
181 5 55 58 85
181 76 24 108 73
181 0 0 112 101
181 45 22 119 95
181 14 0 128 120
181 38 5 123 53
181 10 4 108 74
181 0 1 128 85
181 4 16 127 57
181 24 28 107 71
181 0 0 119 102
181 73 28 125 97
181 8 1 110 55
181 13 11 123 49
181 5 13 122 48
181 0 0 89 60
181 36 4 111 68
181 4 26 94 58
181 13 30 113 108
181 59 11 128 92
181 10 9 63 46
181 3 24 110 101
181 27 18 100 74
181 0 0 106 78
181 23 17 127 54
181 10 11 107 47
181 47 4 116 34
181 21 0 117 39
181 1 11 78 41
181 0 7 103 127
181 37 8 103 41
181 0 0 123 102
181 19 6 121 88
181 5 19 123 62
181 42 8 115 49
181 0 1 115 65
181 0 26 128 100
181 32 6 126 82
181 8 26 128 91
181 0 6 127 68
181 8 11 66 43
181 17 5 87 36
181 27 7 108 53
181 39 9 128 48
181 3 6 107 71
181 12 26 97 85
181 5 4 61 43
181 77 9 128 72
181 2 0 80 53
181 38 27 101 67
181 24 33 100 127
181 22 31 124 91
181 2 4 112 74
181 40 26 123 84
181 2 2 128 98
181 49 11 117 100
181 97 3 127 89
181 7 24 84 77
181 21 4 120 53
181 19 25 117 67
181 12 10 110 81
181 6 29 64 76
181 14 31 78 79
181 1 29 121 75
181 21 29 119 73
181 33 12 127 51
181 9 28 100 127
181 16 4 88 51
181 0 0 88 43
181 46 2 92 40
181 4 11 121 60
181 27 4 109 59
181 0 0 119 112
181 0 37 60 110
181 26 8 118 80
181 12 42 58 78
181 15 9 118 69
181 18 9 107 49
181 21 40 84 74
181 35 15 109 59
181 15 10 122 79
181 33 25 124 71
181 4 46 79 82
181 0 22 127 69
181 23 48 118 97
181 5 40 104 87
181 0 0 127 59
181 5 15 128 76
181 4 11 124 82
181 0 2 125 55
181 2 23 92 58
181 18 11 108 50
181 29 0 128 95
181 35 9 120 67
181 50 30 104 62
181 22 51 97 97
181 43 55 93 119
181 40 27 97 65
181 41 38 108 92
181 13 4 96 65
181 25 1 117 86
181 50 13 100 48
181 43 22 128 65
181 1 0 92 35
181 1 8 128 89
181 22 12 91 76
181 0 0 124 114
181 36 6 128 79
181 18 7 121 50
181 34 25 108 121
181 18 6 110 58
181 44 0 128 101
181 31 16 77 50
181 12 1 126 52
181 0 0 71 45
181 85 13 127 43
181 65 32 107 96
181 7 3 128 63
181 56 77 104 115
181 28 19 126 70
181 26 15 115 68
181 15 22 105 56
181 31 13 123 46
181 5 31 79 64
181 0 0 122 106
181 13 12 111 74
181 29 3 98 39
181 0 16 104 82
181 2 7 121 85
181 7 5 113 83
181 33 43 69 74
181 0 4 113 75
181 51 15 118 107
181 0 2 109 60
181 3 22 98 102
181 0 23 59 104
181 61 8 128 76
181 43 7 106 59
181 21 2 113 46
181 3 26 93 67
181 26 8 128 61
181 18 14 127 74
181 53 58 114 88
181 1 7 115 49
181 0 3 87 84
181 0 31 122 79
181 1 9 78 42
181 3 34 83 75
181 24 36 119 97
181 5 1 113 69
181 7 70 45 119
181 6 5 117 65
181 26 12 112 62
181 4 28 84 61
181 0 8 93 93
181 30 9 118 53
181 0 6 100 97
181 0 1 76 53
181 4 13 80 75
181 19 1 89 53
181 86 1 127 110
181 38 8 101 111
181 0 10 117 95
181 6 13 62 50
181 43 4 125 45
181 53 16 88 49
181 13 34 89 69
181 18 18 122 52
181 2 10 128 55
181 9 12 126 111
181 3 58 94 94
181 0 8 77 45
181 34 8 127 93
181 1 21 61 62
181 0 0 86 123
181 2 2 61 35
181 26 28 107 58
181 48 19 123 54
181 1 0 110 48
181 22 23 91 58
181 2 24 94 68
181 28 9 127 53
181 7 7 113 65
181 0 9 57 40
181 5 12 101 93
181 33 0 79 39
181 80 19 127 58
181 10 27 109 83
181 47 11 112 55
181 25 57 62 99
181 26 1 114 82
181 22 10 103 72
181 14 47 50 104
181 4 40 62 79
181 63 30 123 111
181 28 0 110 128
181 40 14 128 103
181 6 12 128 75
181 26 13 121 51
181 5 13 56 54
181 15 0 128 74
181 0 15 71 65
181 20 14 83 52
181 51 5 123 36
181 7 66 78 106
181 10 8 113 47
181 6 10 100 62
181 3 1 108 100
181 0 4 90 65
181 10 4 106 86
181 44 59 103 97
181 0 12 87 49
181 16 1 101 38
181 63 2 127 33
181 18 1 128 89
181 7 22 124 70
181 0 0 119 44
181 9 4 119 69
181 4 8 128 66
181 7 1 98 37
181 18 8 127 85
181 19 2 105 57
181 33 11 112 73
181 86 22 128 69
181 28 54 81 93
181 6 17 120 118
181 39 11 116 50
181 22 1 102 56
181 23 2 80 54
181 0 22 118 103
181 58 7 123 44
181 0 0 104 99
181 10 2 117 72
181 39 23 125 58
181 24 2 128 87
181 0 0 63 96
181 11 52 58 105
181 35 16 127 79
181 1 10 117 75
181 26 15 120 83
181 28 20 115 72
181 21 4 96 36
181 4 3 120 106
181 7 1 75 34
181 16 0 128 79
181 0 11 113 66
181 13 7 128 75
181 26 13 84 65
181 57 32 118 114
181 0 16 120 66
181 9 17 93 74
181 36 58 68 95
181 24 6 127 71
181 9 18 95 84
181 0 14 75 69
181 26 64 104 114
181 0 7 108 60
181 5 9 109 79
181 3 11 81 65
181 0 3 102 106
181 60 12 128 59
181 4 39 56 85
181 4 0 95 56
181 28 43 120 76
181 0 2 85 69
181 24 17 128 102
181 2 14 125 56
181 47 0 118 39
181 4 33 81 71
181 0 0 128 105
181 3 2 75 40
181 22 12 106 49
181 26 13 96 62
181 10 36 74 73
181 2 10 127 106
181 14 2 125 65
181 7 2 109 51
181 2 23 117 75
181 4 1 100 57
181 19 30 76 66
181 51 8 128 65
181 28 14 126 52
181 61 6 128 86
181 46 8 112 49
181 0 0 70 47
181 15 56 93 110
181 40 9 128 44
181 54 21 97 55
181 77 0 124 68
181 27 10 119 75
181 26 0 87 43
181 53 9 128 59
181 32 19 95 52
181 78 27 127 109
181 11 8 109 88
181 29 1 125 69
181 7 0 123 85
181 0 27 43 82
181 20 33 76 81
181 19 36 127 74
181 30 81 62 111
181 8 12 122 73
181 30 0 115 94
181 7 16 84 81
181 0 0 120 112
181 15 1 97 61
181 58 46 112 77
181 67 28 126 73
181 5 5 69 54
181 31 4 122 55
181 80 11 110 52
181 42 0 128 111
181 63 2 121 33
181 29 29 113 59
181 12 22 122 61
181 4 34 56 81
181 0 7 116 59
181 27 33 124 71
181 59 7 102 40
181 2 1 72 120
181 39 0 128 126
181 11 12 89 54
181 12 8 79 45
181 21 16 120 73
181 0 40 40 74
181 11 2 116 46
181 33 15 125 93
181 0 14 104 77
181 1 34 68 64
181 31 8 127 48
181 10 29 78 102
181 36 9 113 47
181 38 10 108 45
181 11 0 111 128
181 0 14 56 67
181 0 0 91 30
181 29 14 128 81
181 0 1 124 68
181 0 18 127 120
181 14 17 109 53
181 0 0 87 88
181 0 0 98 127
181 34 14 128 74
181 5 18 80 71
181 55 15 112 57
181 19 18 127 112
181 4 18 114 73
181 71 28 128 65
181 3 7 123 68
181 61 23 104 57
181 34 4 123 39
181 0 0 67 64
181 47 5 124 76
181 93 18 127 115
181 0 50 88 102
181 19 9 89 45
181 8 0 128 115
181 29 22 107 65
181 0 17 52 71
181 1 8 119 76
181 0 0 115 102
181 54 55 86 96
181 0 0 110 109
181 0 3 107 83
181 19 15 108 50
181 26 33 121 102
181 2 20 121 66
181 0 6 107 103
181 0 12 126 61
181 0 0 86 72
181 57 15 127 51
181 3 25 95 84
181 2 29 127 94
181 30 8 122 52
181 4 10 96 85
181 17 15 101 49
181 21 10 106 41
181 35 4 128 58
181 22 28 56 59
181 35 14 115 81
181 6 10 126 111
181 56 56 122 98
181 76 5 128 71
181 26 11 127 52
181 6 5 51 39
181 0 3 91 81
181 11 15 114 98
181 0 0 92 70
181 19 10 65 41
181 8 39 80 91
181 0 14 93 49
181 40 52 105 99
181 0 0 70 52
181 5 27 109 77
181 3 26 58 69
181 6 16 112 82
181 1 23 64 75
181 0 0 124 94
181 24 26 119 56
181 40 12 106 42
181 4 44 58 115
181 17 36 54 86
181 7 29 77 74
181 11 7 124 54
181 68 30 122 64
181 33 2 101 51
181 3 8 128 72
181 24 7 116 61
181 29 14 104 53
181 23 12 72 47
181 22 7 115 55
181 25 14 67 47
181 1 0 106 57
181 6 3 91 60
181 52 19 124 72
181 15 1 127 101
181 8 28 128 103
181 16 32 75 69
181 23 31 65 62
181 49 3 128 85
181 48 1 117 34
181 14 14 114 67
181 11 63 98 120
181 46 21 115 51
181 0 42 45 86
181 6 6 124 55
181 19 5 74 41
181 9 23 99 94
181 0 32 55 74
181 18 3 123 41
181 3 8 121 73
181 24 4 119 68
181 0 38 34 90
181 0 12 98 61
181 28 9 124 62
181 11 11 62 52
181 0 49 31 122
181 62 14 124 57
181 0 0 128 97
181 25 26 115 63
181 18 55 62 89
181 8 32 71 66
181 11 27 79 59
181 0 24 31 79
181 0 6 127 116
181 0 6 105 70
181 10 72 63 112
181 25 0 118 127
181 2 10 78 44
181 36 10 116 55
181 2 9 103 69
181 54 5 95 35
181 2 21 125 124
181 0 0 86 60
181 0 8 110 98
181 48 21 127 62
181 19 21 71 60
181 21 68 75 118
181 47 56 81 99
181 26 5 85 37
181 18 12 101 50
181 6 4 79 44
181 74 6 125 38
181 17 8 124 78
181 0 3 126 48
181 4 70 44 101
181 13 15 85 50
181 14 12 127 78
181 60 24 115 56
181 0 15 95 76
181 19 16 113 79
181 22 22 121 80
181 29 61 67 118
181 46 16 117 53
181 5 17 76 56
181 43 0 128 92
181 2 0 99 88
181 46 24 82 56
181 3 8 121 105
181 12 12 108 94
181 39 0 126 43
181 0 0 52 105
181 29 16 102 60
181 20 16 115 64
181 41 35 112 75
181 11 8 121 51
181 2 46 102 83
181 10 16 91 76
181 2 17 106 71
181 0 0 105 38
181 0 42 39 113
181 7 42 101 86
181 21 6 116 52
181 29 5 127 89
181 32 6 108 56
181 19 17 105 57
181 35 66 75 99
181 0 0 123 97
181 7 68 99 127
181 27 11 67 115
181 37 24 74 82
181 32 39 100 72
181 21 31 120 86
181 0 0 124 110
181 48 6 128 86
181 84 23 126 108
181 68 12 120 81
181 28 35 94 86
181 23 0 128 126
181 48 29 118 59
181 2 14 117 86
181 75 7 127 107
181 39 6 96 53
181 6 9 113 71
181 3 15 114 104
181 5 0 123 72
181 17 13 62 43
181 45 39 96 124
181 0 0 128 92
181 8 10 126 59
181 6 15 98 85
181 26 4 128 65
181 0 1 123 112
181 40 15 128 88
181 6 28 48 58
181 38 28 113 99
181 3 21 90 52
181 51 15 122 45
181 33 25 127 57
181 12 8 127 62
181 42 52 72 83
181 42 52 102 97
181 71 20 112 87
181 60 10 127 78
181 22 56 77 106
181 0 31 53 118
181 12 7 118 53
181 6 1 125 62
181 47 49 85 90
181 90 30 128 71
181 56 60 90 103
181 0 5 98 62
181 19 22 93 72
181 15 11 117 56
181 33 32 125 87
181 16 20 117 78
181 15 7 116 56
181 21 6 94 72
181 15 10 125 85
181 43 2 128 59
181 9 24 102 89
181 3 9 113 78
181 49 15 126 68
181 51 56 115 100
181 47 16 103 48
181 15 17 99 49
181 17 19 95 63
181 7 0 113 57
181 1 20 69 67
181 0 9 60 100
181 7 1 128 96
181 45 12 117 62
181 97 0 128 37
181 23 30 76 120
181 0 0 91 86
181 9 5 97 59
181 0 23 65 67
181 37 34 117 71
181 11 14 119 80
181 25 17 119 58
181 1 31 62 76
181 0 17 38 82
181 2 25 100 96
181 19 43 50 75
181 8 18 81 68
181 6 22 127 121
181 0 0 113 78
181 4 4 115 72
181 0 0 107 107
181 0 0 81 34
181 2 6 63 47
181 0 12 67 100
181 14 6 86 50
181 63 33 120 71
181 10 8 127 48
181 19 3 118 49
181 0 1 125 67
181 6 12 73 43
181 27 33 93 67
181 13 5 59 40
181 37 5 107 128
181 2 17 121 88
181 4 0 128 97
181 14 9 128 87
181 13 2 125 100
181 25 33 88 74
181 7 36 71 82
181 20 27 100 127
181 19 10 117 72
181 62 17 126 86
181 20 64 56 116
181 17 26 86 67
181 24 52 115 98
181 0 0 93 103
181 1 0 62 46
181 8 29 115 60
181 0 44 68 105
181 0 38 124 79
181 9 2 75 49
181 0 52 33 88
181 13 10 84 67
181 5 4 127 45
181 23 0 128 56
181 68 24 107 127
181 26 22 123 73
181 80 9 117 115
181 0 15 52 74
181 26 23 115 90
181 23 13 125 77
181 13 0 128 112
181 3 19 120 90
181 8 8 126 90
181 14 37 69 88
181 15 2 91 57
181 0 57 56 98
181 0 21 57 107
181 8 3 101 74
181 14 51 69 97
181 35 25 119 87
181 83 51 115 95
181 3 30 103 61
181 7 35 61 72
181 15 7 108 64
181 1 7 83 76
181 12 8 115 56
181 11 25 70 62
181 30 17 121 67
181 0 0 76 85
181 16 1 117 93
181 33 19 90 116
181 55 15 119 47
181 21 14 98 69
181 0 8 71 44
181 43 12 121 72
181 4 10 83 52
181 43 4 115 49
181 13 0 128 33
181 25 62 100 110
181 0 45 39 83
181 2 8 101 58
181 0 11 65 79
181 0 0 38 33
181 23 15 112 67
181 20 16 108 80
181 22 20 117 56
181 10 1 104 83
181 40 47 106 95
181 5 0 128 94
181 18 21 86 54
181 14 1 66 37
181 5 1 47 33
181 51 29 128 70
181 11 15 44 46
181 25 38 97 90
181 28 45 96 127
181 22 14 120 72
181 0 41 54 88
181 14 21 126 63
181 35 12 104 51
181 19 2 115 83
181 7 0 109 60
181 11 13 128 89
181 0 0 114 99
181 2 20 128 76
181 41 34 122 65
181 11 0 128 61
181 20 11 128 96
181 0 1 115 65
181 7 11 118 91
181 39 36 125 84
181 47 2 104 43
181 23 13 122 85
181 36 12 117 55
181 11 21 92 83
181 18 7 110 86
181 35 10 102 42
181 59 15 108 99
181 52 6 124 40
181 38 5 127 62
181 24 2 127 61
181 34 70 104 121
181 0 10 40 65
181 88 34 118 72
181 71 20 113 127
181 1 18 127 87
181 13 17 119 71
181 10 15 128 62
181 48 14 114 52
181 56 0 128 92
181 91 0 127 39
181 12 6 112 76
181 0 9 110 64
181 0 19 99 89
181 20 7 97 53
181 15 16 94 74
181 30 11 111 46
181 9 26 122 110
181 1 5 79 46
181 17 0 126 71
181 0 7 108 76
181 0 8 55 75
181 33 7 123 45
181 5 15 123 81
181 1 0 94 61
181 27 0 119 127
181 32 9 123 87
181 29 17 118 93
181 0 12 118 55
181 9 11 118 51
181 97 2 127 42
181 9 11 111 79
181 0 2 90 60
181 17 19 126 80
181 0 3 76 98
181 28 9 94 55
181 12 8 127 59
181 43 13 77 45
181 19 21 102 74
181 78 26 126 58
181 53 38 123 68
181 2 40 106 83
181 11 1 126 82
181 7 30 56 64
181 47 21 123 62
181 38 18 126 79
181 0 12 125 81
181 5 31 92 93
181 22 11 126 70
181 24 12 106 63
181 0 0 59 38
181 0 24 104 88
181 18 32 90 88
181 22 24 124 73
181 22 16 127 106
181 18 26 128 82
181 24 2 71 43
181 42 21 127 102
181 4 17 125 65
181 0 4 110 75
181 0 0 100 76
