1 10 12 104 65
2 0 7 109 108
3 0 7 111 100
4 73 40 105 102
5 11 0 119 128
6 5 0 97 100
7 3 0 113 101
8 24 3 94 95
9 19 0 82 123
10 65 37 124 125
11 7 23 50 78
12 32 11 127 88
13 45 40 110 101
14 6 0 128 85
15 2 13 101 118
16 63 40 122 118
17 35 5 98 39
18 7 20 66 124
19 11 2 119 80
20 14 8 81 128
21 27 18 79 82
22 3 9 120 128
23 11 7 109 118
24 33 3 122 98
25 11 16 127 122
26 9 8 128 99
27 0 5 118 110
28 6 12 118 109
29 23 17 106 127
30 3 12 74 79
31 19 2 74 58
32 7 4 119 61
33 57 3 116 67
34 22 2 81 95
35 15 1 126 121
36 15 3 103 81
37 0 5 127 118
38 0 1 44 94
39 58 0 113 122
40 53 39 83 77
41 35 19 124 98
42 52 17 89 67
43 7 8 105 102
44 31 31 88 71
45 30 14 85 114
46 29 3 95 127
47 51 12 92 83
48 5 24 91 112
49 9 0 124 93
50 11 0 124 117
51 44 3 101 106
52 19 16 82 105
53 6 2 126 96
54 10 5 77 89
55 20 9 83 126
56 4 23 113 90
57 0 10 57 74
58 23 11 105 102
59 0 0 52 53
60 24 12 55 86
61 23 45 97 121
62 26 23 100 96
63 3 0 90 60
64 5 1 106 90
65 32 8 86 42
66 1 20 54 121
67 0 13 51 124
68 41 23 100 82
69 51 36 103 73
70 50 30 81 78
71 0 0 95 70
72 2 5 87 123
73 83 2 119 39
74 12 0 82 98
75 4 41 37 126
76 45 21 122 66
77 32 23 101 68
78 23 7 115 104
79 22 4 118 110
80 14 21 83 97
81 4 0 113 108
82 55 7 99 94
83 10 32 113 99
84 9 0 90 128
85 5 1 87 126
86 32 18 69 61
87 31 1 126 103
88 0 0 82 127
89 34 50 70 127
90 3 5 67 45
91 49 1 110 96
92 0 8 114 128
93 38 17 112 95
94 13 17 99 127
95 11 0 92 128
96 13 8 119 122
97 23 6 110 104
98 42 10 83 75
99 2 1 90 125
100 24 4 113 78
101 18 6 72 128
102 12 12 118 113
103 47 27 96 77
104 3 0 74 87
105 3 2 87 47
106 54 10 110 125
107 24 9 99 102
108 21 1 116 128
109 20 4 120 98
110 10 16 99 110
111 14 0 100 54
112 0 1 99 112
113 14 4 102 114
114 11 4 128 55
115 5 1 83 68
116 37 10 121 70
117 21 3 82 50
118 40 4 102 107
119 0 8 122 105
120 32 3 126 123
121 62 0 128 70
122 0 26 75 84
123 2 2 126 53
124 3 0 109 101
125 31 4 121 83
126 1 0 34 37
127 62 46 100 104
128 31 0 127 101
129 0 0 107 99
130 21 1 99 84
131 0 3 107 88
132 1 1 120 106
133 4 37 70 126
134 0 9 83 128
135 1 4 117 100
136 0 0 93 101
137 5 0 122 88
138 40 11 122 59
139 42 0 115 112
140 26 28 99 109
141 30 0 111 49
142 3 6 72 84
143 16 1 66 120
144 65 52 98 87
145 0 10 114 128
146 31 2 72 87
147 8 1 123 86
148 31 15 62 65
149 33 5 116 109
150 23 12 108 114
151 8 2 128 86
152 45 12 123 91
153 8 1 122 123
154 8 0 128 81
155 13 12 64 67
156 26 32 95 127
157 8 3 110 112
158 0 0 122 110
159 15 7 118 103
160 84 24 126 78
161 1 6 48 73
162 69 9 118 68
163 25 9 85 110
164 60 41 123 98
165 2 27 88 86
166 67 21 122 91
167 1 13 79 87
168 22 0 127 111
169 55 66 88 107
170 0 5 128 103
171 5 0 85 127
172 11 37 90 105
173 28 5 82 127
174 35 1 119 55
175 39 12 95 112
176 0 0 85 128
177 48 5 102 80
178 2 0 126 107
179 63 38 116 95
180 0 30 56 124
181 0 4 118 91
181 43 8 89 104
181 19 5 112 65
181 30 0 123 75
181 67 24 126 87
181 33 0 126 84
181 14 19 110 108
181 31 10 84 105
181 27 0 120 99
181 0 2 126 74
181 22 29 61 75
181 3 0 121 76
181 11 5 52 37
181 8 31 117 103
181 3 49 70 100
181 3 0 110 64
181 18 6 126 127
181 0 11 97 91
181 31 12 121 50
181 7 15 101 102
181 1 46 77 124
181 30 1 114 111
181 3 6 76 98
181 24 0 126 95
181 41 2 102 115
181 17 0 115 100
181 12 12 91 63
181 41 27 116 127
181 0 15 92 128
181 24 0 116 117
181 5 7 51 45
181 7 8 95 75
181 12 10 91 121
181 43 46 86 88
181 56 2 121 124
181 5 0 78 127
181 22 1 113 124
181 14 1 60 68
181 0 7 114 128
181 4 0 80 128
181 15 4 120 118
181 21 30 58 104
181 7 0 111 124
181 5 67 60 125
181 39 3 76 70
181 52 0 128 113
181 2 15 102 104
181 6 0 119 104
181 4 57 77 125
181 3 14 128 109
181 0 2 105 127
181 7 19 60 55
181 8 14 125 100
181 5 6 96 127
181 22 4 91 101
181 9 2 119 103
181 36 0 115 101
181 0 6 94 73
181 6 0 121 99
181 0 3 87 80
181 3 30 114 115
181 63 16 106 68
181 33 9 74 86
181 28 3 103 123
181 0 1 123 89
181 22 25 80 77
181 2 8 59 122
181 48 0 109 127
181 18 7 101 80
181 0 0 123 100
181 46 2 119 65
181 0 7 70 83
181 8 3 126 119
181 26 3 126 113
181 1 48 75 99
181 37 0 106 113
181 18 9 119 92
181 1 39 111 125
181 26 21 68 113
181 28 26 69 67
181 17 0 70 61
181 30 2 126 115
181 9 15 73 127
181 22 1 121 126
181 0 0 94 68
181 21 1 124 83
181 0 2 89 108
181 12 9 95 127
181 36 12 118 124
181 39 8 88 45
181 9 2 58 128
181 29 1 110 99
181 50 39 88 76
181 11 5 86 125
181 4 16 82 94
181 15 28 113 116
181 7 0 126 126
181 39 3 118 76
181 21 0 121 103
181 19 54 75 90
181 3 1 127 93
181 14 15 77 126
181 16 0 99 112
181 20 16 86 62
181 11 9 117 57
181 1 7 66 126
181 15 22 93 122
181 1 14 105 95
181 32 9 119 107
181 19 14 76 55
181 10 1 103 92
181 26 0 100 122
181 14 14 97 55
181 10 18 83 123
181 51 40 83 123
181 4 16 57 113
181 29 25 110 84
181 24 2 128 109
181 5 4 115 114
181 21 21 86 128
181 5 1 118 85
181 27 7 121 112
181 3 3 55 128
181 5 7 128 92
181 27 7 83 77
181 1 9 124 123
181 0 0 115 59
181 22 30 94 110
181 0 3 105 80
181 29 3 89 36
181 13 1 104 128
181 36 0 128 60
181 43 12 118 65
181 21 31 98 82
181 3 1 99 128
181 0 10 51 124
181 0 2 114 109
181 34 12 100 95
181 34 0 110 101
181 51 39 92 81
181 1 0 127 120
181 4 3 125 127
181 1 8 125 99
181 29 0 100 112
181 3 30 106 105
181 1 0 116 100
181 0 2 103 117
181 20 28 67 92
181 23 35 73 109
181 19 0 122 104
181 18 0 82 56
181 0 1 109 87
181 70 9 128 61
181 21 0 92 102
181 29 12 101 72
181 35 3 124 76
181 39 9 88 93
181 11 41 55 113
181 0 0 111 96
181 18 22 127 82
181 17 37 74 86
181 20 14 68 72
181 16 0 91 127
181 8 4 117 111
181 3 31 42 90
181 2 13 126 88
181 79 6 127 59
181 9 3 115 72
181 22 39 64 84
181 16 3 88 127
181 35 12 89 81
181 0 10 106 120
181 40 6 123 51
181 3 2 72 101
181 45 4 95 49
181 0 0 66 127
181 60 18 105 91
181 23 0 104 109
181 36 9 127 117
181 6 15 124 105
181 23 0 92 66
181 46 0 109 128
181 11 0 110 102
181 4 24 40 82
181 20 3 125 119
181 23 5 101 127
181 59 8 102 42
181 29 0 78 123
181 2 0 110 99
181 0 5 74 78
181 27 1 126 81
181 20 26 109 83
181 36 1 123 82
181 0 0 36 37
181 25 1 102 52
181 28 15 75 110
181 18 9 98 90
181 29 0 125 117
181 61 56 116 111
181 0 7 128 95
181 56 11 100 67
181 11 0 123 101
181 2 1 108 119
181 57 3 122 112
181 25 0 123 90
181 0 3 115 127
181 15 3 97 127
181 13 0 95 128
181 36 0 127 124
181 57 4 113 77
181 7 0 94 83
181 26 27 62 113
181 38 1 100 126
181 2 29 67 125
181 20 27 123 77
181 0 23 124 84
181 11 5 80 127
181 10 0 126 105
181 10 1 127 107
181 69 2 128 93
181 40 17 103 128
181 24 6 127 113
181 4 1 105 77
181 33 0 128 115
181 2 0 124 52
181 7 7 70 115
181 8 9 71 125
181 19 8 127 103
181 29 18 100 85
181 0 26 109 125
181 35 1 119 86
181 22 3 124 119
181 2 5 116 100
181 22 0 76 67
181 21 6 124 118
181 21 0 102 123
181 41 0 128 73
181 20 48 118 117
181 3 1 122 102
181 5 0 110 122
181 58 4 92 41
181 31 3 127 97
181 28 18 127 97
181 0 0 49 127
181 25 9 87 123
181 13 11 76 127
181 12 7 64 96
181 17 6 84 72
181 38 3 127 103
181 19 1 102 92
181 17 2 59 67
181 1 0 126 122
181 15 46 78 106
181 3 18 42 74
181 7 17 90 79
181 6 3 89 58
181 41 7 100 45
181 10 0 107 128
181 16 13 69 49
181 10 0 115 56
181 20 15 79 49
181 1 10 81 123
181 19 2 83 92
181 19 6 128 101
181 20 5 114 128
181 70 14 110 61
181 3 0 99 126
181 17 45 76 127
181 88 22 127 80
181 19 13 128 106
181 85 57 127 115
181 15 13 117 120
181 5 6 109 125
181 12 7 125 121
181 0 0 126 104
181 33 53 101 104
181 5 1 124 102
181 71 67 116 123
181 12 52 99 119
181 17 3 96 121
181 19 3 107 110
181 33 30 84 95
181 0 7 80 128
181 2 7 104 107
181 20 4 108 93
181 70 32 120 74
181 64 15 116 67
181 28 39 75 76
181 21 11 89 115
181 8 8 77 56
181 12 13 102 102
181 35 26 91 81
181 3 2 70 128
181 16 4 86 113
181 19 0 101 123
181 1 0 124 66
181 12 1 122 57
181 1 3 118 117
181 0 4 113 87
181 33 14 78 116
181 2 7 127 91
181 35 0 128 49
181 57 0 105 124
181 19 4 109 127
181 22 5 124 116
181 69 8 100 47
181 55 47 111 106
181 2 0 102 122
181 39 1 98 122
181 0 0 120 63
181 2 1 98 111
181 5 2 96 128
181 2 2 113 103
181 3 14 101 68
181 16 0 119 58
181 9 28 127 111
181 41 8 110 52
181 3 15 87 72
181 41 36 78 102
181 4 11 60 89
181 1 0 127 101
181 11 1 127 64
181 20 26 80 109
181 34 17 69 59
181 20 31 72 94
181 52 45 101 97
181 23 26 82 84
181 8 8 125 106
181 16 0 97 59
181 16 1 124 105
181 28 13 81 101
181 0 0 101 126
181 3 14 114 103
181 40 0 77 119
181 4 1 69 105
181 16 13 68 75
181 0 0 65 107
181 12 1 109 105
181 64 44 110 78
181 33 15 93 53
181 1 10 53 88
181 22 1 122 127
181 19 0 126 98
181 0 0 120 104
181 64 45 100 118
181 49 29 110 65
181 30 28 100 125
181 45 1 95 34
181 30 0 119 128
181 22 26 88 127
181 27 2 126 119
181 2 0 127 97
181 15 8 72 47
181 58 63 116 127
181 72 19 109 57
181 27 28 89 125
181 24 0 128 91
181 8 9 85 61
181 42 38 85 79
181 8 0 95 125
181 20 38 69 93
181 41 47 83 77
181 74 36 123 100
181 8 21 70 61
181 6 7 128 126
181 16 0 71 123
181 11 0 127 57
181 0 5 125 99
181 58 33 100 81
181 27 4 126 80
181 0 10 113 105
181 28 20 64 55
181 0 0 124 109
181 9 2 122 83
181 36 34 100 100
181 16 0 124 108
181 26 0 127 119
181 5 5 112 127
181 1 31 96 121
181 31 12 125 94
181 46 9 104 106
181 8 4 120 84
181 3 31 64 97
181 0 6 118 105
181 70 6 100 67
181 0 2 103 103
181 0 0 122 80
181 62 12 107 85
181 1 0 33 37
181 3 1 127 111
181 2 45 112 118
181 11 35 90 126
181 17 2 73 125
181 2 2 86 125
181 10 0 106 103
181 18 0 97 128
181 9 7 93 102
181 0 0 68 117
181 2 7 121 124
181 21 10 113 97
181 12 4 128 120
181 7 20 106 118
181 32 17 94 63
181 45 1 100 119
181 21 2 114 77
181 8 0 111 94
181 16 0 104 64
181 30 6 89 56
181 2 13 55 113
181 1 2 127 105
181 61 0 125 68
181 11 11 57 102
181 0 0 115 102
181 2 11 127 74
181 30 10 97 118
181 18 18 123 66
181 0 2 121 114
181 31 2 124 43
181 8 3 81 125
181 6 0 126 128
181 5 1 118 52
181 4 2 124 74
181 54 9 101 84
181 25 23 67 76
181 8 45 111 121
181 34 30 84 112
181 15 3 70 122
181 3 27 113 128
181 10 14 55 90
181 33 10 89 106
181 66 38 99 123
181 14 2 106 83
181 34 5 122 79
181 37 32 93 87
181 70 53 110 124
181 55 76 91 113
181 18 28 53 88
181 31 12 121 110
181 49 2 92 87
181 7 0 80 33
181 6 0 128 102
181 3 5 127 93
181 43 26 97 91
181 10 27 127 98
181 74 47 118 93
181 11 13 43 88
181 26 18 83 115
181 45 4 99 45
181 19 6 127 121
181 21 0 97 100
181 0 2 105 80
181 22 0 91 127
181 24 37 101 108
181 2 6 77 128
181 66 12 101 55
181 1 13 94 100
181 3 27 74 128
181 17 14 99 68
181 87 6 122 42
181 19 4 101 37
181 9 5 107 82
181 13 0 117 105
181 6 0 116 115
181 10 23 65 83
181 37 6 81 40
181 0 3 119 116
181 6 9 120 98
181 19 0 76 92
181 31 5 123 103
181 5 2 81 52
181 0 13 109 97
181 87 13 119 69
181 39 6 76 69
181 6 16 48 126
181 9 10 110 93
181 22 0 96 72
181 29 9 110 96
181 44 1 120 98
181 12 1 84 127
181 0 0 76 127
181 2 15 81 112
181 10 0 106 104
181 5 6 118 80
181 1 0 112 93
181 60 10 116 74
181 7 27 52 104
181 76 53 108 103
181 6 7 55 100
181 12 11 123 95
181 38 14 112 86
181 0 2 61 104
181 40 78 108 124
181 0 0 91 108
181 40 1 122 100
181 1 3 99 107
181 19 11 75 87
181 24 2 94 44
181 26 0 85 67
181 34 10 91 123
181 33 9 99 95
181 19 31 98 99
181 41 30 82 96
181 22 7 109 112
181 0 0 127 109
181 13 2 62 126
181 47 25 104 128
181 0 0 96 127
181 0 1 113 102
181 3 7 122 92
181 5 2 103 108
181 8 12 83 54
181 0 3 119 96
181 1 51 79 111
181 40 46 86 126
181 15 4 85 72
181 25 5 93 128
181 14 15 117 97
181 11 10 106 126
181 7 2 123 96
181 21 5 96 79
181 0 0 110 100
181 5 0 94 68
181 0 27 78 102
181 0 1 51 127
181 2 3 57 126
181 69 14 109 79
181 47 1 95 123
181 9 16 80 127
181 27 0 128 100
181 0 52 70 119
181 1 4 113 102
181 0 1 121 98
181 0 0 93 127
181 13 1 102 76
181 26 11 86 127
181 22 29 128 82
181 5 34 84 83
181 16 4 92 97
181 7 0 117 109
181 1 6 106 127
181 15 49 116 102
181 0 0 109 62
181 4 2 105 97
181 0 12 77 119
181 0 27 97 87
181 4 0 92 117
181 0 0 114 96
181 14 20 57 79
181 0 0 97 101
181 35 11 126 79
181 57 7 89 84
181 9 13 47 111
181 17 0 101 83
181 8 2 119 92
181 27 9 75 77
181 10 0 122 95
181 40 4 87 112
181 32 0 123 71
181 24 7 88 53
181 27 16 107 62
181 12 2 59 122
181 1 5 88 111
181 74 4 122 111
181 28 1 98 101
181 5 31 71 128
181 21 0 115 123
181 16 27 127 117
181 13 20 106 73
181 0 0 115 98
181 22 3 98 125
181 19 2 112 101
181 48 32 87 110
181 6 16 118 91
181 2 9 101 99
181 36 60 98 120
181 2 4 59 56
181 0 0 106 128
181 15 18 79 126
181 28 10 89 109
181 24 1 98 127
181 0 0 107 128
181 0 4 85 62
181 9 0 67 105
181 23 3 79 48
181 34 20 86 116
181 12 0 94 86
181 19 0 115 99
181 70 18 127 62
181 9 0 127 82
181 10 11 73 52
181 18 0 125 100
181 35 8 121 120
181 18 17 108 123
181 0 12 116 76
181 0 4 125 105
181 2 0 107 121
181 22 0 84 127
181 18 0 106 84
181 27 1 123 127
181 8 3 113 68
181 7 8 110 87
181 0 5 128 94
181 18 37 48 70
181 20 8 89 115
181 2 6 127 120
181 53 4 101 112
181 15 5 69 44
181 17 24 85 110
181 26 2 104 83
181 89 40 124 76
181 49 2 105 100
181 9 40 79 88
181 52 15 95 55
181 13 0 95 124
181 60 20 93 51
181 12 10 125 75
181 3 13 126 111
181 19 6 111 98
181 10 0 81 123
181 9 27 102 126
181 4 3 128 92
181 21 0 92 127
181 35 3 128 82
181 45 57 77 127
181 19 11 96 107
181 48 0 120 118
181 0 0 84 82
181 16 1 87 126
181 52 5 103 52
181 22 1 115 87
181 31 69 69 99
181 22 0 82 86
181 31 11 112 86
181 46 14 117 89
181 21 8 109 84
181 5 11 112 111
181 0 0 128 113
181 75 8 128 61
181 22 3 112 108
181 41 3 87 106
181 4 0 121 109
181 27 21 59 53
181 1 5 118 128
181 12 1 105 127
181 49 18 92 66
181 38 24 114 123
181 4 15 67 127
181 26 5 94 123
181 70 28 101 65
181 6 8 127 88
181 8 7 128 102
181 46 35 80 108
181 27 6 127 116
181 69 14 114 82
181 5 10 87 118
181 20 0 104 84
181 2 0 90 91
181 22 0 116 115
181 8 8 69 126
181 67 0 125 74
181 49 35 104 104
181 0 1 124 101
181 1 0 112 121
181 17 16 120 76
181 0 6 38 52
181 19 0 101 114
181 3 13 84 76
181 0 21 99 128
181 7 1 77 128
181 14 8 121 102
181 17 3 118 92
181 28 3 93 128
181 44 52 103 92
181 50 39 88 80
181 41 10 96 126
181 0 0 84 75
181 33 22 113 79
181 25 60 96 92
181 63 2 108 54
181 0 3 123 104
181 22 1 105 117
181 52 15 108 122
181 2 1 106 105
181 17 23 53 69
181 15 20 95 127
181 22 0 128 111
181 1 0 115 103
181 19 12 57 42
181 2 9 118 125
181 1 4 101 128
181 35 0 124 113
181 5 0 117 118
181 0 5 125 100
181 16 11 84 104
181 20 5 109 127
181 43 20 103 123
181 30 9 127 105
181 0 7 59 97
181 9 4 122 66
181 5 1 110 123
181 33 7 76 112
181 5 12 124 101
181 20 32 93 127
181 27 3 103 89
181 5 0 127 81
181 11 15 73 87
181 33 35 82 118
181 20 0 86 126
181 3 13 117 121
181 10 4 121 81
181 29 0 86 38
181 5 0 128 91
181 21 0 109 81
181 0 0 118 119
181 12 0 123 101
181 31 2 70 56
181 23 10 95 128
181 1 15 37 63
181 0 0 124 79
181 11 25 61 111
181 13 11 59 124
181 28 4 128 105
181 59 1 118 98
181 18 7 58 42
181 20 4 126 92
181 0 31 66 81
181 19 0 76 53
181 4 5 82 51
181 28 3 64 72
181 26 4 82 116
181 24 4 128 113
181 14 0 94 128
181 0 1 81 127
181 7 29 81 78
181 0 8 69 117
181 22 0 128 78
181 53 44 94 111
181 19 0 87 98
181 10 5 101 103
181 11 2 81 111
181 11 0 69 66
181 0 4 109 62
181 0 0 61 115
181 42 33 79 95
181 12 5 74 54
181 55 5 116 59
181 9 1 102 108
181 12 33 102 119
181 10 12 101 127
181 9 0 128 112
181 13 7 70 119
181 25 0 128 99
181 52 2 108 45
181 9 3 89 127
181 14 34 85 127
181 2 0 82 128
181 6 0 70 62
181 25 9 99 115
181 18 1 117 108
181 10 0 107 69
181 39 32 109 98
181 6 8 123 110
181 35 23 95 71
181 21 0 126 84
181 82 10 128 84
181 33 0 128 93
181 1 2 117 107
181 4 0 110 98
181 8 0 94 127
181 4 18 105 112
181 10 2 117 99
181 1 12 127 120
181 50 29 115 128
181 51 2 127 92
181 75 45 116 77
181 3 3 111 76
181 30 5 126 85
181 62 4 119 74
181 12 24 122 108
181 7 0 127 84
181 16 0 126 88
181 6 4 127 127
181 27 33 88 95
181 14 18 99 105
181 46 64 93 122
181 19 5 101 73
181 6 0 111 105
181 19 4 117 128
181 0 6 100 103
181 8 0 91 126
181 15 3 102 124
181 36 0 114 91
181 4 12 128 115
181 17 0 100 86
181 0 0 114 128
181 19 9 123 107
181 8 1 122 87
181 28 0 105 128
181 1 16 109 106
181 8 46 75 126
181 5 9 86 106
181 38 1 111 127
181 23 11 86 71
181 3 10 47 40
181 8 4 120 98
181 47 32 100 94
181 36 18 81 66
181 29 19 73 103
181 1 34 66 101
181 4 3 124 97
181 24 3 87 114
181 34 14 128 79
181 26 10 77 118
181 2 1 102 128
181 4 0 118 123
181 34 25 77 70
181 11 21 68 117
181 15 6 63 88
181 37 14 120 114
181 66 37 112 88
181 7 33 99 100
181 1 0 63 128
181 2 16 54 122
181 7 0 91 100
181 1 15 91 127
181 15 60 46 127
181 20 1 101 86
181 1 22 95 101
181 25 1 128 96
181 24 0 99 128
181 30 20 103 126
181 52 14 118 76
181 47 3 125 78
181 7 0 96 106
181 28 10 105 69
181 2 17 115 95
181 7 7 104 89
181 36 26 92 83
181 36 7 86 53
181 25 11 120 87
181 45 4 123 99
181 21 0 116 64
181 27 6 127 122
181 10 24 58 83
181 21 17 104 102
181 51 6 128 67
181 6 7 66 128
181 18 26 95 70
181 38 12 99 106
181 5 11 106 69
181 56 29 108 93
181 56 18 93 97
181 41 47 75 93
181 1 85 41 122
181 17 0 106 116
181 6 14 126 96
181 23 0 121 64
181 5 6 124 79
181 13 27 66 83
181 19 30 119 128
181 38 0 122 125
181 16 2 56 60
181 0 3 128 100
181 6 52 118 107
181 37 1 79 83
181 1 0 105 125
181 56 21 110 70
181 3 16 123 127
181 0 3 127 120
181 43 0 87 122
181 9 9 127 111
181 0 0 105 92
181 27 55 127 116
181 15 2 66 126
181 80 9 127 50
181 2 24 43 85
181 4 13 128 118
181 1 0 33 33
181 6 38 110 98
181 50 6 97 87
181 55 36 125 70
181 11 2 125 87
181 1 6 105 74
181 6 35 78 120
181 4 2 106 127
181 11 2 88 124
181 35 35 72 98
181 23 57 82 110
181 32 18 104 115
181 18 19 114 120
181 42 14 126 80
181 18 0 128 74
181 10 6 127 104
181 8 12 123 106
181 18 25 100 102
181 13 10 87 88
181 58 15 118 79
181 15 0 116 114
181 59 15 93 83
181 47 5 98 57
181 14 2 77 74
181 41 0 102 49
181 5 0 93 60
181 26 9 77 111
181 28 3 67 48
181 27 3 76 104
181 47 8 86 68
181 27 2 93 126
181 0 0 91 127
181 21 1 101 105
181 19 1 123 116
181 23 4 125 99
181 47 33 88 103
181 27 7 70 51
181 0 11 107 125
181 59 37 99 102
181 51 0 117 100
181 20 51 81 100
181 10 1 128 83
181 47 23 111 66
181 0 10 97 79
181 22 12 74 127
181 19 8 117 111
181 40 28 78 78
181 25 3 127 126
181 3 0 127 112
181 38 38 109 121
181 5 2 81 128
181 7 14 117 104
181 15 4 128 62
181 14 0 66 116
181 62 40 95 77
181 5 0 96 125
181 14 53 77 115
181 32 1 89 72
181 6 2 78 127
181 0 1 103 123
181 18 3 76 49
181 12 10 96 116
181 6 0 127 104
181 17 7 97 81
181 43 31 93 66
181 2 5 49 118
181 16 18 121 72
181 8 6 83 79
181 26 4 83 126
181 14 19 98 68
181 21 24 75 60
181 0 0 82 128
181 37 29 79 98
181 14 22 81 128
181 18 0 128 97
181 34 15 88 60
181 21 13 116 105
181 72 43 115 114
181 3 5 109 95
181 35 6 127 110
181 0 0 97 119
181 12 6 118 75
181 8 5 127 106
181 0 3 115 109
181 12 1 106 83
181 3 0 126 114
181 28 1 92 97
181 6 0 107 93
181 0 5 102 88
181 14 21 100 127
181 36 11 105 76
181 3 14 54 86
181 17 9 97 89
181 43 35 121 107
181 22 0 111 98
181 16 0 82 127
181 1 9 98 64
181 3 6 126 117
181 14 10 100 108
181 31 67 77 126
181 17 15 63 127
181 7 21 100 82
181 50 15 116 97
181 33 26 112 119
181 0 1 79 66
181 30 23 82 56
181 44 1 94 110
181 23 54 92 84
181 0 7 121 95
181 35 14 73 49
181 6 0 128 107
181 0 0 87 91
181 9 3 125 117
181 44 3 93 125
181 0 14 41 70
181 13 10 106 128
181 52 22 127 77
181 23 15 105 117
181 44 3 114 78
181 17 22 81 109
181 0 3 123 80
181 18 24 82 87
181 25 0 89 84
181 11 20 120 113
181 33 0 80 127
181 4 0 122 122
181 23 0 123 99
181 23 22 103 67
181 2 43 42 126
181 23 18 113 125
181 73 30 108 81
181 16 1 71 125
181 21 6 77 41
181 9 0 128 112
181 0 0 32 35
181 15 6 118 102
181 13 5 127 117
181 21 34 121 105
181 0 2 102 90
181 16 0 114 102
181 2 13 48 109
181 12 35 57 124
181 9 0 119 126
181 4 4 119 95
181 13 2 80 56
181 6 3 94 104
181 0 27 90 112
181 1 28 93 107
181 42 41 78 75
181 5 23 86 127
181 38 0 128 62
181 12 4 56 123
181 47 11 110 86
181 28 2 82 68
181 43 26 121 117
181 2 2 122 113
181 13 22 112 99
181 15 16 87 88
181 4 18 115 110
181 27 56 66 110
181 54 60 111 117
181 13 2 55 62
181 46 9 117 118
181 0 0 101 102
181 44 21 81 126
181 65 80 97 125
181 3 1 80 111
181 38 1 97 76
181 0 0 119 109
181 16 9 97 102
181 79 2 114 110
181 77 22 112 59
181 13 0 94 125
181 11 0 125 51
181 1 10 100 72
181 5 10 90 117
181 9 0 107 128
181 37 6 87 55
181 6 20 51 127
181 34 63 102 114
181 16 28 119 98
181 17 0 126 125
181 61 6 127 74
181 4 6 51 99
181 38 34 70 81
181 52 0 114 40
181 52 8 106 61
181 21 2 125 95
181 24 15 82 112
181 17 0 128 75
181 15 1 124 127
181 2 0 96 84
181 42 10 93 99
181 3 0 118 94
181 3 4 126 106
181 66 12 116 78
181 32 24 83 110
181 2 0 76 111
181 10 18 93 69
181 8 0 120 128
181 30 3 106 92
181 12 2 92 124
181 4 0 103 108
181 0 0 99 75
181 24 6 123 94
181 13 9 99 111
181 24 5 105 101
181 3 0 39 66
181 0 17 103 106
181 66 23 124 87
181 8 31 121 117
181 0 4 93 124
181 19 1 119 116
181 22 0 74 40
181 6 6 75 128
181 1 38 77 97
181 24 1 102 128
181 68 0 128 108
181 12 6 103 92
181 5 47 99 118
181 67 3 107 33
181 49 1 96 108
181 0 10 125 103
181 9 4 121 116
181 0 9 73 127
181 5 0 128 105
181 49 2 90 107
181 1 6 73 122
181 45 1 107 61
181 17 10 67 105
181 2 2 120 86
181 22 25 89 120
181 0 6 119 99
181 15 0 126 77
181 30 22 113 82
181 41 33 99 126
181 16 0 95 58
181 56 4 127 71
181 17 22 106 116
181 37 5 80 52
181 35 22 119 105
181 11 6 75 128
181 31 2 103 82
181 7 4 96 110
181 2 0 93 116
181 37 47 102 119
181 7 0 98 94
181 43 5 91 48
181 44 47 124 97
181 6 70 92 125
181 5 38 97 121
181 19 13 67 121
181 0 0 69 127
181 11 0 127 110
181 7 1 118 98
181 30 49 69 125
181 46 11 93 125
181 3 8 77 127
181 9 4 128 110
181 22 34 57 103
181 40 18 96 120
181 65 1 108 124
181 90 12 127 84
181 31 0 70 120
181 3 5 77 128
181 66 2 127 59
181 49 33 127 100
181 0 53 33 116
181 16 47 100 105
181 12 0 101 119
181 33 10 90 116
181 36 0 128 52
181 49 5 109 118
181 3 5 81 41
181 1 0 127 101
181 44 4 98 54
181 8 0 125 99
181 0 3 98 89
181 1 28 71 82
181 1 3 124 70
181 33 16 85 125
181 32 22 82 127
181 11 5 98 120
181 10 1 106 68
181 19 24 53 57
181 11 11 74 59
181 7 2 124 66
181 34 18 81 68
181 11 1 90 125
181 4 0 105 100
181 7 0 104 110
181 11 13 98 87
181 23 6 99 101
181 2 5 45 111
181 36 22 122 111
181 43 3 117 72
181 30 26 91 110
181 7 0 127 123
181 49 37 118 101
181 0 0 54 54
181 56 34 127 72
181 35 6 96 84
181 13 17 127 91
181 38 3 106 122
181 0 18 109 103
181 0 0 118 104
181 22 23 120 99
181 19 4 68 126
181 3 19 99 118
181 6 45 71 127
181 26 0 128 58
181 20 0 72 92
181 63 12 108 112
181 9 1 70 83
181 19 17 72 127
181 28 24 127 99
181 29 9 74 73
181 29 8 93 128
181 0 0 36 91
181 58 1 127 108
181 11 7 94 128
181 17 14 120 48
181 1 36 105 128
181 18 0 84 117
181 7 56 70 100
181 9 11 61 70
181 46 28 121 104
181 41 22 91 78
181 0 0 123 84
181 14 6 111 74
181 35 38 89 92
181 76 52 115 92
181 20 34 76 124
181 49 21 82 64
181 12 48 67 94
181 37 28 69 67
181 70 30 118 125
181 6 20 100 118
181 21 16 103 83
181 32 14 85 116
181 33 17 93 77
181 9 7 107 95
181 12 8 94 77
181 35 11 71 44
181 32 25 82 78
181 27 9 78 67
181 19 21 65 123
181 63 4 100 52
181 17 3 125 71
181 3 4 53 77
181 15 1 76 128
181 55 30 103 77
181 8 3 125 74
181 1 15 73 69
181 5 1 112 110
181 73 40 108 97
181 29 22 98 101
181 20 0 93 126
181 0 1 119 106
181 3 0 109 127
181 30 2 120 63
181 9 3 66 128
181 0 1 97 85
181 31 2 72 70
181 15 4 83 108
181 15 9 95 84
181 12 26 122 107
181 33 2 64 45
181 6 41 92 78
181 7 3 67 128
181 1 3 111 108
181 2 45 128 104
181 19 0 102 104
181 1 6 72 64
181 12 0 109 119
181 0 0 113 126
181 29 19 108 127
181 12 6 70 92
181 0 7 68 110
181 2 41 35 83
181 15 15 121 86
181 32 0 128 85
181 3 0 81 127
181 0 1 127 93
181 44 1 128 63
181 6 0 123 108
181 89 27 121 58
181 12 1 93 127
181 27 2 93 66
181 2 0 87 58
181 3 15 111 119
181 12 20 102 115
181 0 0 94 67
181 0 8 74 78
181 10 30 68 66
181 13 0 128 106
181 2 31 82 115
181 4 7 126 58
181 8 6 124 74
181 34 8 67 49
181 21 4 128 51
181 50 3 92 97
181 26 23 119 98
181 54 12 93 107
181 70 23 124 106
181 20 6 121 102
181 27 12 107 85
181 3 12 123 121
181 0 2 117 89
181 39 1 75 112
181 14 10 127 106
181 7 5 44 53
181 22 0 102 127
181 55 0 125 74
181 37 21 70 84
181 25 4 128 104
181 0 0 96 107
181 44 5 81 51
181 15 7 86 93
181 14 2 127 90
181 22 11 81 72
181 0 15 127 106
181 16 5 105 92
181 13 67 99 127
181 1 3 70 117
181 46 26 94 77
181 8 0 112 94
181 0 0 114 106
181 17 5 121 89
181 58 15 92 65
181 10 0 95 70
181 23 37 81 101
181 42 13 96 71
181 7 2 103 126
181 48 15 95 111
181 62 24 126 103
181 8 15 101 123
181 7 6 67 117
181 0 10 109 97
181 3 3 56 128
181 28 34 83 113
181 26 29 90 82
181 16 11 125 108
181 24 3 127 86
181 43 27 124 116
181 49 41 90 126
181 18 22 64 60
181 25 11 126 124
181 68 5 118 52
181 24 32 90 69
181 44 15 104 74
181 1 12 53 53
181 10 24 114 105
181 14 2 96 127
181 6 23 60 113
181 7 1 104 128
181 0 13 120 119
181 52 44 118 112
181 25 12 60 85
181 26 13 64 67
181 0 0 126 91
181 16 30 67 65
181 16 2 83 127
181 29 19 105 87
181 38 10 116 95
181 11 27 72 128
181 20 13 85 103
181 46 8 111 113
181 29 4 102 50
181 17 5 97 127
181 11 9 127 107
181 0 10 106 127
181 1 8 112 80
181 2 5 79 62
181 12 19 106 100
181 54 1 90 54
181 10 0 80 128
181 7 37 110 116
181 22 6 128 108
181 0 4 49 81
181 14 3 81 54
181 56 1 105 117
181 18 10 67 47
181 46 24 101 114
181 17 16 58 68
181 30 15 88 113
181 2 0 78 127
181 3 1 84 127
181 53 3 125 53
181 6 14 71 60
181 4 1 128 81
181 65 16 127 65
181 7 10 110 120
181 1 7 48 128
181 0 0 115 55
181 2 0 126 100
181 17 14 111 86
181 18 0 115 118
181 16 3 119 90
181 18 4 103 108
181 62 17 101 76
181 18 2 101 127
181 1 0 79 115
181 14 14 51 73
181 28 9 111 125
181 0 5 115 87
181 7 26 96 96
181 12 2 126 111
181 22 14 124 123
181 6 26 95 96
181 23 6 76 128
181 26 0 128 112
181 0 0 113 125
181 5 16 106 69
181 39 0 82 121
181 16 0 102 127
181 32 5 83 93
181 52 5 89 100
181 38 0 115 128
181 6 0 126 99
181 92 42 126 83
181 13 3 107 109
181 9 63 86 102
181 2 5 42 88
181 3 66 79 127
181 36 0 107 117
181 0 26 113 101
181 80 0 113 67
181 0 4 77 124
181 50 14 99 69
181 6 3 127 100
181 48 9 88 59
181 37 28 85 75
181 33 8 113 59
181 4 26 89 91
181 40 10 103 97
181 2 9 81 127
181 2 27 47 78
181 37 9 92 105
181 0 11 87 115
181 20 28 88 88
181 26 21 88 123
181 36 22 111 128
181 13 15 107 122
181 4 10 124 119
181 0 2 98 113
181 34 10 94 62
181 68 17 106 79
181 4 1 115 115
181 14 0 83 41
181 0 4 85 90
181 73 0 117 67
181 7 8 108 113
181 38 10 127 84
181 1 46 98 110
181 37 38 100 80
181 0 1 124 103
181 73 40 123 121
181 26 13 66 46
181 78 42 112 82
181 11 0 82 81
181 5 16 101 127
181 39 3 121 128
181 27 1 128 51
181 3 2 109 127
181 32 9 74 117
181 39 17 114 118
181 33 7 127 104
181 36 3 114 81
181 20 0 100 128
181 28 6 114 101
181 6 3 127 117
181 46 9 112 63
181 8 12 46 104
181 32 16 91 116
181 25 0 89 38
181 14 0 109 127
181 30 36 111 123
181 3 7 117 65
181 0 1 128 100
181 29 3 101 106
181 24 15 86 117
181 20 3 92 71
181 45 8 121 117
181 1 0 55 56
181 22 1 102 124
181 28 5 85 83
181 21 23 103 87
181 32 41 111 110
181 1 0 126 115
181 40 13 89 80
181 28 2 116 118
181 34 31 91 101
181 23 8 102 95
181 5 15 122 89
181 17 0 122 70
181 14 23 69 57
181 1 0 108 99
181 3 3 127 95
181 13 0 119 94
181 24 36 86 99
181 83 60 125 105
181 46 17 102 58
181 4 18 105 85
181 34 2 128 52
181 39 4 123 120
181 0 7 115 114
181 21 0 66 62
181 8 20 66 86
181 32 2 102 56
181 5 7 79 121
181 20 1 103 121
181 32 2 104 124
181 4 16 117 104
181 34 33 115 105
181 0 26 54 115
181 16 2 93 127
181 32 15 111 78
181 35 14 127 75
181 35 15 116 91
181 0 0 104 107
181 15 8 70 68
181 4 6 70 69
181 17 0 106 127
181 0 5 126 83
181 32 19 106 99
181 25 3 99 123
181 3 13 96 101
181 11 5 94 111
181 1 13 103 119
181 10 14 60 64
181 0 1 120 107
181 1 0 128 84
181 40 0 128 98
181 7 3 108 100
181 6 2 114 69
181 18 6 95 127
181 48 1 123 94
181 3 1 114 105
181 15 0 111 86
181 35 20 88 66
181 44 34 89 72
181 21 20 111 77
181 6 0 115 112
181 8 16 76 123
181 8 2 113 79
181 70 2 126 96
181 5 6 98 128
181 24 18 83 65
181 6 0 127 106
181 14 16 101 96
181 6 2 77 113
181 67 39 118 105
181 0 2 115 90
181 38 28 118 112
181 37 11 83 123
181 11 48 110 105
181 1 0 82 117
181 15 8 119 80
181 12 5 71 104
181 0 0 80 117
181 56 0 109 113
181 74 6 121 65
181 61 0 121 100
181 5 8 96 127
181 26 6 75 45
181 0 11 110 106
181 10 3 87 90
181 0 0 121 63
181 0 0 91 109
181 17 1 128 97
181 1 5 115 128
181 25 47 103 107
181 17 21 73 128
181 2 0 125 100
181 53 20 108 80
181 55 9 101 122
181 2 0 114 106
181 48 1 96 87
181 13 9 59 50
181 7 16 46 55
181 10 6 100 127
181 20 14 68 118
181 11 1 60 110
181 63 31 128 126
181 11 6 60 44
181 16 9 80 92
181 13 9 99 92
181 0 13 84 107
181 0 6 103 89
181 13 35 54 69
181 14 24 111 126
181 11 41 74 92
181 6 0 69 121
181 30 12 102 84
181 21 0 104 88
181 52 1 91 61
181 39 42 79 102
181 5 2 94 87
181 0 0 107 92
181 8 22 126 65
181 0 5 45 128
181 0 0 102 96
181 8 7 127 104
181 0 8 116 125
181 47 2 105 91
181 27 1 126 107
181 61 35 93 78
181 14 10 87 124
181 48 7 112 76
181 0 11 124 117
181 19 16 98 114
181 3 16 119 115
181 18 1 109 127
181 14 33 63 111
181 26 4 107 124
181 12 63 44 127
181 40 13 88 48
181 0 10 111 97
181 33 13 71 68
181 2 6 88 104
181 30 1 105 71
181 14 5 101 78
181 7 3 82 103
181 1 1 106 107
181 28 4 86 67
181 1 18 103 109
181 3 0 81 96
181 54 15 126 101
181 18 11 123 120
181 17 6 75 112
181 5 34 101 122
181 46 4 97 125
181 5 0 107 127
181 23 14 91 127
181 19 16 69 46
181 62 21 115 126
181 24 2 111 121
181 11 2 90 125
181 28 1 107 107
181 3 4 116 98
181 0 0 123 109
181 9 0 100 112
181 0 28 59 81
181 2 6 52 83
181 19 32 65 76
181 32 0 97 122
181 5 29 69 83
181 69 7 105 111
181 43 0 124 123
181 10 0 85 48
181 12 22 107 83
181 0 25 94 117
181 38 30 98 74
181 34 4 99 68
181 72 20 108 102
181 25 7 110 122
181 1 7 119 127
181 0 6 104 127
181 1 0 124 79
181 2 16 109 111
181 53 1 91 52
181 22 2 92 125
181 12 3 69 112
181 1 2 122 119
181 69 17 116 111
181 17 43 83 127
181 21 7 101 98
181 26 30 87 103
181 16 5 117 126
181 5 7 70 68
181 61 19 120 76
181 31 16 118 62
181 19 45 112 111
181 28 5 92 88
181 25 27 99 107
181 0 0 73 105
181 15 6 125 125
181 20 30 101 66
181 16 28 83 87
181 12 5 117 99
181 42 9 95 50
181 11 19 76 115
181 0 10 67 128
181 23 1 110 61
181 3 26 119 106
181 21 23 81 103
181 38 47 96 96
181 3 7 122 104
181 4 0 62 128
181 52 9 110 123
181 37 1 106 110
181 32 0 67 114
181 43 1 118 100
181 40 0 106 75
181 4 0 82 128
181 33 0 74 124
181 18 9 82 83
181 6 21 125 109
181 3 9 110 124
181 7 28 110 125
181 1 3 101 127
181 4 27 98 89
181 47 14 117 61
181 22 1 127 117
181 5 26 110 115
181 2 7 128 121
181 26 37 102 111
181 55 4 98 67
181 32 7 83 59
181 17 3 100 120
181 11 13 84 120
181 14 6 126 94
181 6 50 50 127
181 38 37 119 92
181 7 23 42 64
181 40 0 128 95
181 12 39 49 89
181 9 12 52 52
181 14 6 55 38
181 5 15 113 73
181 11 44 75 121
181 19 34 57 77
181 36 20 88 80
181 23 0 128 97
181 1 0 125 74
181 9 0 89 122
181 17 4 96 94
181 2 0 115 127
181 23 23 116 103
181 3 0 113 42
181 1 0 99 118
181 24 10 63 112
181 0 0 89 109
181 9 31 40 93
181 14 0 68 128
181 13 9 115 119
181 40 1 111 121
181 57 47 87 99
181 51 19 100 120
181 13 19 47 65
181 29 33 102 122
181 18 5 61 52
181 20 2 94 127
181 2 6 127 113
181 7 3 102 128
181 0 1 95 105
181 6 9 90 108
181 41 1 85 44
181 5 7 71 121
181 7 6 123 94
181 49 14 104 50
181 67 30 121 117
181 12 13 69 127
181 36 9 93 95
181 36 15 101 79
181 2 25 113 119
181 13 16 75 112
181 77 15 114 57
181 48 24 108 66
181 11 2 115 128
181 16 32 94 80
181 24 2 77 37
181 17 0 128 74
181 20 14 66 51
181 60 22 96 88
181 9 24 108 97
181 0 0 120 103
181 20 29 112 109
181 0 2 126 86
181 7 1 127 117
181 22 7 116 128
181 32 11 104 101
181 0 3 125 58
181 0 12 100 79
181 6 0 91 124
181 26 11 101 120
181 32 0 128 95
181 22 29 68 126
181 4 22 42 123
181 33 5 76 58
181 28 0 128 101
181 35 33 71 99
181 5 14 112 111
181 2 2 122 101
181 3 2 120 115
181 41 25 87 72
181 11 0 111 97
181 36 14 122 100
181 14 50 84 120
181 18 22 89 70
181 43 18 75 56
181 24 5 73 121
181 4 3 93 69
181 52 8 125 87
181 77 7 123 83
181 29 0 99 116
181 7 0 127 103
181 28 0 108 125
181 32 30 109 88
181 18 0 128 84
181 46 32 93 114
181 76 37 119 83
181 23 6 89 48
181 4 4 95 124
181 17 7 128 99
181 27 9 128 115
181 33 0 118 76
181 5 2 105 127
181 14 33 101 91
181 35 0 116 108
181 44 0 99 75
181 71 1 123 32
181 71 27 107 80
181 52 1 96 115
181 26 20 108 95
181 15 16 72 119
181 12 8 51 111
181 24 31 86 107
181 50 4 111 75
181 4 0 92 104
181 40 13 71 54
181 11 0 120 121
181 45 33 101 108
181 0 2 117 107
181 24 2 98 123
181 13 0 119 75
181 12 0 113 89
181 10 3 114 108
181 55 48 121 120
181 18 19 108 98
181 34 6 117 88
181 58 5 88 78
181 74 7 121 78
181 44 22 97 90
181 28 8 64 71
181 28 0 117 108
181 16 39 46 71
181 29 9 75 121
181 42 20 126 102
181 0 2 117 97
181 5 6 108 128
181 13 0 82 127
181 37 6 97 121
181 58 7 111 66
181 16 0 127 122
181 27 0 111 126
181 5 0 128 110
181 58 1 128 44
181 15 18 109 119
181 15 0 119 115
181 15 16 93 128
181 1 4 128 101
181 27 2 125 101
181 13 1 111 126
181 26 11 128 112
181 6 18 68 82
181 0 3 101 94
181 1 0 84 121
181 40 8 86 119
181 8 13 114 107
181 6 28 100 118
181 9 0 79 127
181 4 35 68 128
181 17 6 105 113
181 4 15 120 100
181 12 0 94 120
181 2 19 103 101
181 63 8 118 59
181 0 13 38 80
181 16 8 99 125
181 47 32 120 107
181 11 0 87 101
181 11 0 119 116
181 16 12 79 66
181 0 1 88 81
181 8 1 128 77
181 32 2 83 118
181 21 32 54 96
181 6 5 124 92
181 0 0 128 90
181 28 29 112 112
181 2 3 100 128
181 24 3 69 88
181 5 25 120 120
181 55 13 120 91
181 22 11 73 73
181 56 2 126 66
181 1 27 63 105
181 15 65 51 120
181 38 2 125 102
181 0 20 67 76
181 1 0 114 111
181 0 0 70 127
181 65 18 126 91
181 69 17 117 101
181 45 5 121 55
181 12 27 111 113
181 0 0 108 63
181 31 6 92 74
181 16 13 49 48
181 69 6 116 69
181 15 6 113 78
181 25 57 81 128
181 16 7 119 87
181 6 6 72 100
181 5 3 108 86
181 24 27 118 83
181 6 0 115 123
181 45 49 109 126
181 36 6 93 126
181 17 17 110 127
181 32 24 127 105
181 22 0 127 111
181 20 0 95 107
181 14 30 105 115
181 20 6 92 91
181 12 1 113 127
181 10 0 123 124
181 2 1 118 102
181 45 25 94 92
181 39 39 103 112
181 30 7 93 78
181 6 29 109 95
181 39 0 120 94
181 42 13 93 127
181 9 2 123 52
181 18 1 81 127
181 34 8 120 99
181 25 0 117 60
181 4 2 115 128
181 8 19 123 106
181 70 7 100 56
181 29 6 98 51
181 19 0 119 112
181 7 16 124 93
181 5 7 116 101
181 4 0 82 128
181 23 12 88 68
181 15 16 85 61
181 9 32 40 94
181 0 0 34 40
181 6 0 71 122
181 21 1 85 121
181 4 2 82 93
181 19 8 94 57
181 0 1 117 120
181 25 38 101 108
181 8 3 111 128
181 7 16 90 127
181 21 12 86 108
181 33 9 107 101
181 15 0 125 49
181 1 2 82 115
181 0 19 101 113
181 16 2 79 127
181 19 22 95 128
181 42 0 116 47
181 24 44 113 128
181 12 20 96 115
181 37 43 99 85
181 0 2 100 52
181 28 13 98 73
181 0 30 81 106
181 34 2 90 122
181 15 5 119 100
181 4 2 98 54
181 16 31 127 111
181 58 5 123 86
181 3 14 97 88
181 71 26 127 68
181 7 1 127 100
181 19 7 110 70
181 6 37 103 105
181 5 6 116 110
181 86 5 126 55
181 10 10 95 80
181 42 3 120 73
181 4 0 85 127
181 7 8 106 117
181 1 8 126 86
181 19 45 54 89
181 36 36 77 80
181 39 10 86 71
181 19 32 80 120
181 35 1 107 79
181 41 2 98 99
181 9 3 115 81
181 1 10 73 128
181 41 49 85 127
181 9 48 108 108
181 28 25 104 127
181 42 9 105 128
181 16 0 104 127
181 48 23 109 102
181 0 1 106 88
181 86 8 121 46
181 61 17 119 69
181 46 11 103 48
181 4 11 116 106
181 10 13 117 92
181 22 17 97 107
181 1 3 110 128
181 54 4 117 35
181 52 6 125 100
181 25 0 101 100
181 8 8 60 75
181 0 0 59 57
181 0 2 111 92
181 23 3 72 126
181 0 1 103 74
181 11 1 117 128
181 3 5 126 81
181 4 20 56 65
181 35 39 103 120
181 0 5 59 123
181 25 11 90 104
181 5 1 123 128
181 18 53 102 122
181 6 0 124 83
181 12 2 73 128
181 11 9 101 123
181 0 0 102 117
181 15 19 70 96
181 7 1 73 86
181 30 17 86 91
181 2 50 61 117
181 19 16 117 118
181 4 0 103 106
181 12 0 86 127
181 5 1 100 83
181 76 11 124 72
181 0 24 95 126
181 10 3 118 59
181 32 18 122 102
181 7 10 106 93
181 56 24 95 63
181 41 13 92 54
181 7 1 100 116
181 55 11 93 41
181 39 6 112 100
181 27 5 62 53
181 21 0 103 127
181 55 0 128 112
181 1 2 107 87
181 7 21 95 107
181 17 12 114 62
181 38 12 115 81
181 66 34 106 80
181 62 10 125 98
181 18 5 97 128
181 0 20 123 99
181 3 32 72 105
181 5 2 127 98
181 0 0 96 127
181 28 0 125 115
181 8 6 121 94
181 57 8 105 109
181 42 18 102 97
181 11 8 77 122
181 52 31 82 91
181 5 12 112 101
181 2 6 126 103
181 43 13 114 87
181 16 2 63 60
181 47 9 88 57
181 6 8 43 96
181 28 18 111 86
181 4 1 51 122
181 18 50 118 127
181 11 14 75 71
181 50 16 111 101
181 57 58 94 89
181 0 7 125 95
181 41 0 127 43
181 13 6 120 65
181 32 24 96 63
181 20 0 101 106
181 16 0 121 78
181 41 14 92 115
181 2 7 101 127
181 9 0 127 125
181 17 5 55 52
181 19 19 106 96
181 32 20 116 80
181 43 1 128 109
181 68 28 98 65
181 4 1 111 99
181 11 0 100 115
181 7 10 107 105
181 6 0 109 93
181 34 3 127 116
181 27 0 101 127
181 32 47 104 98
181 0 10 106 86
181 53 12 97 56
181 61 4 125 76
181 4 0 89 65
181 4 7 127 98
181 13 44 58 119
181 14 3 126 69
181 1 1 66 101
181 9 20 117 98
181 18 20 97 127
181 50 32 81 82
181 44 29 96 92
181 4 51 88 109
181 8 0 126 106
181 31 15 83 72
181 18 19 100 98
181 23 8 127 105
181 23 2 90 98
181 0 25 107 117
181 17 40 51 99
181 25 24 82 116
181 28 38 88 102
181 14 1 88 128
181 30 42 85 105
181 3 1 48 124
181 7 3 51 99
181 25 2 93 126
181 0 14 41 111
181 39 14 87 62
181 31 26 100 70
181 14 3 124 121
181 38 1 111 46
181 0 0 117 128
181 17 30 104 98
181 1 18 62 66
181 0 0 83 77
181 0 11 85 80
181 4 14 120 119
181 25 2 126 117
181 25 37 81 93
181 0 49 40 81
181 7 20 96 125
181 17 3 91 127
181 23 32 74 116
181 48 58 108 111
181 1 0 122 123
181 60 15 122 67
181 0 0 82 114
181 62 2 106 89
181 0 0 105 87
181 8 0 118 43
181 11 2 125 125
181 5 23 49 82
181 18 3 127 127
181 9 5 124 97
181 9 4 119 110
181 26 21 105 107
181 52 17 90 72
181 45 46 93 128
181 1 0 126 127
181 5 2 70 70
181 11 24 124 100
181 0 11 118 118
181 44 2 95 76
181 2 2 93 50
181 48 34 116 90
181 33 45 76 84
181 43 1 98 48
181 3 6 86 77
181 33 9 115 124
181 23 9 109 98
181 0 0 127 110
181 5 23 103 126
181 65 2 106 63
181 0 6 122 103
181 62 6 113 99
181 15 1 115 105
181 0 2 116 109
181 7 0 128 104
181 31 12 111 72
181 25 15 101 120
181 19 3 117 73
181 18 3 90 97
181 7 1 127 101
181 10 0 126 82
181 15 22 62 114
181 22 16 59 64
181 31 4 103 127
181 38 26 93 102
181 25 15 90 59
181 6 10 127 111
181 4 16 89 112
181 36 8 72 38
181 8 64 51 119
181 50 9 109 123
181 6 67 51 126
181 45 3 113 49
181 78 6 111 69
181 33 13 110 101
181 27 0 110 127
181 6 1 102 127
181 2 1 67 128
181 0 0 118 74
181 18 4 86 44
181 0 1 101 83
181 0 4 124 126
181 57 5 107 98
181 19 1 124 92
181 29 3 100 84
181 40 40 80 72
181 46 18 115 81
181 58 9 121 128
181 40 1 104 52
181 0 1 103 89
181 29 39 83 92
181 23 0 98 74
181 0 2 127 97
181 16 0 100 111
181 39 39 79 74
181 21 7 127 127
181 3 0 115 115
181 43 13 87 85
181 2 4 55 69
181 6 3 122 98
181 61 54 107 109
181 49 18 114 99
181 17 1 126 118
181 14 7 58 119
181 42 1 116 122
181 5 4 65 122
181 24 1 90 102
181 33 17 83 70
181 2 40 57 114
181 0 9 120 83
181 25 40 114 118
181 0 1 126 73
181 6 49 68 119
181 11 18 93 96
181 3 1 124 128
181 21 3 126 114
181 5 4 88 128
181 8 15 106 80
181 25 4 98 70
181 5 0 122 103
181 91 6 122 51
181 3 1 113 57
181 25 1 74 90
181 12 0 110 128
181 4 3 122 102
181 4 0 127 77
181 27 32 103 92
181 34 5 121 70
181 0 1 88 99
181 8 6 124 95
181 14 7 61 119
181 25 0 124 111
181 79 44 120 122
181 1 0 41 46
181 39 0 121 128
181 18 8 60 46
181 12 13 121 101
181 0 12 86 105
181 5 0 87 91
181 67 18 107 50
181 18 1 111 127
181 39 21 79 63
181 20 6 120 109
181 37 0 128 113
181 41 4 103 127
181 22 21 124 99
181 29 8 80 99
181 20 0 127 113
181 3 6 124 110
181 9 0 127 115
181 21 14 88 78
181 35 15 89 119
181 6 19 112 122
181 12 31 74 128
181 29 32 94 100
181 3 0 101 127
181 8 6 65 98
181 19 0 126 127
181 13 0 112 109
181 17 6 96 98
181 17 15 82 84
181 5 26 74 110
181 9 25 116 104
181 0 17 122 106
181 48 25 111 67
181 14 55 49 126
181 4 6 60 128
181 32 10 74 74
181 40 32 89 67
181 0 0 113 125
181 75 16 128 82
181 2 0 120 88
181 7 0 106 127
181 11 0 98 51
181 14 61 104 127
181 0 7 119 120
181 26 32 105 110
181 5 23 51 102
181 22 6 93 107
181 59 4 123 67
181 6 68 100 122
181 27 3 100 127
181 20 3 92 127
181 27 11 83 55
181 9 0 101 118
181 1 9 120 87
181 20 17 92 79
181 4 3 123 122
181 9 0 124 100
181 5 16 121 123
181 0 0 68 76
181 0 0 128 105
181 1 60 57 127
181 27 4 99 109
181 6 6 109 91
181 17 0 55 122
181 0 0 128 88
181 0 9 113 107
181 17 0 83 127
181 15 0 128 123
181 30 4 127 103
181 62 2 119 61
181 9 15 90 121
181 81 0 127 68
181 4 32 60 111
181 14 0 126 96
181 12 2 68 111
181 74 39 124 83
181 49 12 101 95
181 12 28 49 108
181 39 1 124 88
181 1 0 54 54
181 5 7 117 98
181 9 7 90 127
181 32 2 77 55
181 0 19 100 101
181 0 11 97 112
181 1 35 97 91
181 6 9 123 109
181 18 6 79 89
181 20 0 127 118
181 0 4 53 123
181 43 0 128 61
181 7 4 69 44
181 2 9 123 92
181 5 1 128 94
181 28 6 79 74
181 0 0 94 115
181 7 0 127 57
181 3 0 97 104
181 22 3 109 98
181 5 35 50 68
181 41 0 122 124
181 4 9 78 127
181 15 28 127 118
181 12 20 59 61
181 38 5 115 54
181 26 47 70 117
181 10 11 119 118
181 25 0 128 76
181 53 4 122 127
181 7 2 126 106
181 5 3 109 83
181 64 10 120 112
181 5 11 95 111
181 13 15 73 126
181 13 24 120 84
181 8 20 84 90
181 16 33 77 114
181 0 1 95 110
181 0 28 100 85
181 44 28 85 59
181 18 5 115 125
181 16 63 66 119
181 4 7 56 74
181 86 15 125 124
181 77 8 113 62
181 5 0 120 93
181 4 0 128 110
181 10 20 63 98
181 2 58 56 97
181 0 4 112 85
181 15 11 127 104
181 9 0 85 95
181 6 0 128 80
181 29 14 97 127
181 14 31 92 96
181 37 2 107 100
181 0 1 123 104
181 77 47 107 111
181 26 11 88 125
181 28 65 86 115
181 0 18 71 126
181 0 1 84 81
181 0 2 73 128
181 14 0 60 98
181 29 0 127 106
181 4 0 111 55
181 18 52 87 124
181 43 26 87 79
181 1 0 116 107
181 25 0 127 96
181 3 6 97 63
181 10 0 127 86
181 19 1 122 64
181 28 55 84 111
181 23 12 66 121
181 0 9 128 98
181 7 0 125 81
181 3 0 126 89
181 4 5 107 63
181 6 3 121 55
181 65 29 126 100
181 0 0 118 128
181 18 2 98 128
181 18 21 111 127
181 9 0 101 35
181 0 0 123 48
181 40 11 120 69
181 32 7 111 81
181 28 4 128 119
181 0 0 104 81
181 1 4 87 128
181 10 4 110 59
181 10 1 126 72
181 16 20 98 63
181 31 1 128 99
181 0 13 105 100
181 36 14 72 92
181 12 20 68 74
181 6 0 73 128
181 22 20 75 118
181 8 18 116 128
181 16 29 71 126
181 15 0 101 98
181 37 19 96 117
181 0 3 79 124
181 14 3 128 114
181 16 25 120 110
181 39 6 96 123
181 46 19 107 106
181 16 30 94 117
181 1 1 109 61
181 4 0 115 75
181 6 79 99 127
181 3 1 85 127
181 29 30 75 70
181 30 8 96 108
181 0 0 127 78
181 16 8 109 108
181 74 42 112 105
181 37 6 96 127
181 2 1 120 94
181 52 13 101 126
181 15 31 104 118
181 2 0 107 124
181 4 1 125 101
181 0 4 112 127
181 27 0 128 111
181 37 0 128 96
181 34 0 128 128
181 0 40 73 103
181 64 10 114 48
181 6 5 101 121
181 4 23 128 121
181 2 4 121 104
181 20 12 81 116
181 0 22 34 97
181 26 18 100 85
181 69 16 124 78
181 15 11 100 104
181 17 8 59 99
181 5 5 105 60
181 33 3 76 34
181 37 0 127 89
181 37 9 90 65
181 41 6 107 104
181 26 45 90 125
181 39 2 105 98
181 19 5 102 73
181 0 1 123 77
181 4 58 75 90
181 36 16 126 101
181 37 8 107 123
181 26 4 109 91
181 50 3 120 121
181 33 2 69 60
181 41 0 125 73
181 40 29 72 89
181 12 1 88 128
181 49 0 128 87
181 21 10 121 128
181 6 10 80 122
181 72 10 116 54
181 87 8 123 39
181 19 18 113 79
181 55 26 115 91
181 3 31 64 116
181 31 33 74 125
181 1 37 41 100
181 0 26 116 103
181 24 9 120 91
181 31 28 86 91
181 52 15 121 76
181 40 3 93 74
181 1 2 74 101
181 18 11 97 91
181 0 9 127 116
181 0 9 108 86
181 9 0 126 115
181 26 17 104 67
181 49 38 117 76
181 0 15 106 99
181 3 1 128 102
181 15 42 73 113
181 42 36 76 108
181 33 3 124 116
181 52 2 97 76
181 3 0 128 105
181 9 1 97 96
181 18 8 128 100
181 0 8 70 114
181 13 6 76 43
181 46 0 111 127
181 1 12 105 111
181 5 18 122 128
181 12 17 114 106
181 19 42 65 115
181 4 14 103 108
181 59 4 101 66
181 1 0 45 49
181 5 0 117 118
181 8 6 61 42
181 51 33 95 81
181 19 7 98 127
181 79 32 110 113
181 29 2 119 97
181 10 35 80 113
181 50 16 121 58
181 3 21 105 96
181 0 0 127 64
181 21 0 80 83
181 41 8 124 80
181 41 10 71 87
181 20 10 59 65
181 33 8 94 72
181 17 3 128 101
181 35 17 89 56
181 37 1 119 127
181 5 0 92 53
181 55 3 90 49
181 17 15 68 72
181 13 6 73 128
181 22 2 123 126
181 0 5 116 99
181 28 58 74 126
181 9 22 49 93
181 10 5 90 74
181 20 19 78 116
181 44 40 76 96
181 34 18 89 110
181 25 26 66 85
181 23 0 86 128
181 0 7 102 103
181 2 47 33 93
181 14 10 114 76
181 2 2 91 101
181 23 0 98 106
181 1 10 97 116
181 16 4 105 77
181 9 6 127 83
181 3 6 76 124
181 55 17 127 59
181 3 1 125 119
181 9 15 127 100
181 22 45 74 79
181 12 10 71 127
181 9 5 99 62
181 2 0 47 120
181 6 43 95 110
181 43 18 127 122
181 22 29 55 113
181 26 1 108 127
181 72 11 113 98
181 16 2 65 80
181 0 12 100 81
181 0 0 123 47
181 19 0 86 128
181 48 2 115 55
181 0 0 115 123
181 32 4 75 80
181 18 6 119 67
181 23 24 63 62
181 1 5 107 112
181 11 4 117 90
181 44 29 105 86
181 18 0 114 82
181 10 28 65 127
181 43 11 95 64
181 33 18 84 122
181 8 20 40 111
181 25 8 81 61
181 5 0 127 90
181 0 1 54 40
181 2 26 105 102
181 19 21 50 80
181 6 0 101 107
181 42 4 103 100
181 41 14 72 83
181 54 36 93 111
181 0 0 86 89
181 43 0 112 51
181 1 30 86 104
181 7 35 68 91
181 16 36 111 107
181 86 17 128 78
181 14 13 97 66
181 7 2 124 102
181 12 33 121 106
181 11 13 110 96
181 0 10 61 70
181 10 4 108 108
181 35 2 118 89
181 7 3 102 70
181 0 4 91 70
181 1 12 106 93
181 37 14 128 74
181 45 0 92 127
181 25 3 105 64
181 48 0 89 118
181 14 6 106 94
181 8 1 84 123
181 29 10 108 100
181 16 21 68 127
181 19 38 125 124
181 22 1 117 89
181 15 23 107 97
181 38 24 77 69
181 5 19 40 50
181 11 12 77 116
181 21 16 74 112
181 41 10 110 120
181 6 8 106 94
181 19 8 79 106
181 9 0 119 101
181 0 0 55 96
181 25 5 93 126
181 13 6 119 85
181 0 0 126 101
181 3 32 106 122
181 11 0 94 125
181 27 34 91 87
181 55 31 92 82
181 0 1 92 127
181 0 1 122 122
181 1 3 82 127
181 7 1 106 113
181 26 4 112 90
181 7 1 113 107
181 0 36 96 128
181 8 10 74 63
181 55 25 102 100
181 5 0 95 128
181 62 10 120 59
181 59 13 125 56
181 1 0 105 127
181 3 0 113 96
181 12 42 64 91
181 29 31 65 76
181 16 19 80 84
181 16 0 123 117
181 17 12 93 107
181 5 1 123 128
181 0 16 54 102
181 5 3 85 75
181 14 0 128 104
181 39 20 89 82
181 0 2 60 58
181 19 4 110 100
181 39 49 89 99
181 9 4 112 56
181 44 23 85 103
181 57 30 107 89
181 6 0 92 126
181 5 0 126 124
181 6 35 75 110
181 30 42 91 93
181 11 3 117 76
181 25 1 99 125
181 7 10 93 106
181 3 4 77 93
181 17 8 63 42
181 25 16 114 124
181 32 1 78 125
181 2 0 117 124
181 33 20 87 124
181 20 6 55 75
181 58 0 88 60
181 34 12 127 103
181 31 0 121 117
181 13 4 105 126
181 59 7 106 60
181 36 69 74 105
181 1 1 75 92
181 16 17 109 92
181 25 9 99 61
181 27 1 109 113
181 68 25 110 69
181 2 0 120 107
181 48 7 97 46
181 21 0 127 119
181 47 2 120 85
181 17 0 107 127
181 9 6 74 103
181 22 0 120 62
181 80 59 115 126
181 2 0 127 117
181 1 1 103 121
181 24 8 102 120
181 55 28 110 127
181 3 61 99 127
181 28 19 108 124
181 43 10 92 98
181 5 5 99 115
181 13 15 64 127
181 23 4 99 110
181 7 16 78 100
181 0 21 94 126
181 19 0 90 96
181 32 11 119 74
181 48 13 109 98
181 0 0 113 79
181 15 2 126 101
181 26 0 68 38
181 19 31 52 89
181 21 0 73 122
181 38 3 89 66
181 13 0 93 98
181 49 2 127 109
181 17 0 127 63
181 7 0 116 75
181 21 1 88 40
181 36 12 119 78
181 51 6 107 37
181 34 21 118 105
181 16 57 47 102
181 23 1 85 84
181 0 0 106 123
181 19 3 127 102
181 42 24 86 70
181 42 16 112 77
181 5 0 79 128
181 11 0 127 118
181 19 6 118 126
181 8 0 114 127
181 27 14 92 116
181 1 10 98 103
181 22 44 126 121
181 4 3 111 100
181 41 11 105 76
181 8 0 114 87
181 22 0 126 120
181 15 0 118 127
181 36 11 78 53
181 23 1 82 122
181 0 0 128 110
181 10 0 105 38
181 0 0 126 85
181 0 1 98 60
181 9 2 122 85
181 16 0 128 74
181 32 27 67 100
181 19 63 110 126
181 4 9 82 74
181 18 2 98 127
181 0 36 103 99
181 1 4 104 97
181 11 14 88 123
181 16 30 73 106
181 1 0 81 127
181 35 18 83 78
181 1 0 127 111
181 12 18 114 111
181 12 10 88 102
181 32 30 85 97
181 50 4 94 42
181 46 6 106 99
181 8 41 126 106
181 27 0 127 103
181 57 13 108 97
181 22 3 105 74
181 44 0 122 128
181 10 4 107 124
181 0 29 70 81
181 14 11 88 62
181 17 0 123 118
181 2 18 101 72
181 15 0 128 75
181 31 8 124 116
181 0 28 53 92
181 69 5 121 62
181 26 0 127 108
181 37 1 127 114
181 11 13 63 120
181 57 27 98 93
181 47 15 110 126
181 43 9 121 111
181 17 18 98 70
181 24 23 115 126
181 49 4 127 79
181 36 28 72 116
181 70 43 127 108
181 4 29 77 128
181 29 0 121 56
181 36 14 83 90
181 5 5 94 122
181 11 16 84 99
181 6 0 85 102
181 4 5 120 104
181 26 10 118 128
181 23 13 91 55
181 6 5 117 118
181 43 33 125 102
181 19 14 82 81
181 56 2 125 112
181 26 0 110 66
181 17 26 107 115
181 14 30 64 96
181 14 1 126 71
181 10 10 46 41
181 12 6 128 118
181 91 12 127 57
181 27 24 86 110
181 90 36 124 67
181 3 2 69 49
181 0 3 103 105
181 17 44 88 118
181 45 37 80 78
181 0 0 114 108
181 42 19 103 79
181 6 0 106 86
181 6 1 74 66
181 41 3 121 64
181 48 4 116 122
181 1 0 126 89
181 3 14 112 105
181 18 0 108 102
181 46 0 109 39
181 41 0 116 63
181 41 6 106 73
181 17 12 103 119
181 54 3 123 87
181 22 2 124 102
181 2 44 90 76
181 36 41 85 87
181 32 17 90 128
181 23 5 127 118
181 53 18 102 92
181 53 29 118 90
181 0 5 108 126
181 24 24 80 97
181 6 4 52 124
181 7 1 127 102
181 14 7 104 115
181 28 15 109 90
181 19 32 102 117
181 26 6 127 102
181 23 2 93 117
181 65 6 126 47
181 0 4 118 98
181 25 4 121 110
181 61 22 112 104
181 0 42 49 122
181 4 8 56 128
181 0 31 101 92
181 34 13 118 72
181 0 9 103 94
181 20 20 114 112
181 4 38 49 112
181 16 1 128 98
181 49 0 116 116
181 39 1 96 85
181 62 31 121 69
181 12 0 92 90
181 81 0 128 39
181 3 26 49 85
181 43 19 101 126
181 13 0 60 122
181 22 0 117 79
181 2 1 88 127
181 26 15 98 116
181 19 42 76 96
181 52 4 121 82
181 0 2 118 98
181 58 24 95 95
181 4 11 110 59
181 0 0 62 62
181 0 0 124 102
181 3 16 59 124
181 33 0 97 116
181 14 0 95 111
181 31 1 121 101
181 15 0 84 127
181 11 0 128 104
181 47 6 127 96
181 9 0 128 84
181 6 1 128 98
181 84 43 128 106
181 8 0 128 101
181 4 2 72 79
181 15 0 95 86
181 13 0 128 109
181 22 3 122 47
181 24 22 121 104
181 64 4 124 73
181 29 7 105 118
181 5 19 110 128
181 1 1 122 108
181 1 15 122 78
181 14 21 72 112
181 7 0 85 128
181 77 13 114 64
181 13 10 114 95
181 21 15 84 126
181 0 0 127 96
181 6 0 124 114
181 23 11 110 110
181 23 2 128 117
181 55 31 108 75
181 0 0 53 90
181 61 32 127 85
181 51 22 93 118
181 22 2 93 128
181 48 31 87 90
181 4 18 101 127
181 3 3 114 89
181 28 0 128 59
181 4 1 120 102
181 39 0 91 117
181 15 33 101 115
181 6 4 110 121
181 7 1 120 126
181 62 10 98 59
181 31 11 99 94
181 3 23 109 120
181 20 3 127 61
181 26 16 76 128
181 70 7 110 93
181 11 0 74 128
181 14 0 115 78
181 7 29 84 111
181 43 0 125 128
181 21 22 101 118
181 25 47 65 106
181 14 20 68 89
181 6 1 101 128
181 15 34 59 98
181 63 25 105 95
181 14 3 126 106
181 0 12 127 111
181 25 13 116 126
181 0 3 101 105
181 53 51 120 82
181 43 2 83 85
181 44 5 81 47
181 21 31 66 99
181 47 4 90 123
181 20 5 95 89
181 13 8 94 116
181 23 1 121 44
181 11 6 94 127
181 18 10 90 94
181 18 2 68 125
181 0 0 118 111
181 0 14 102 91
181 13 4 56 68
181 33 13 100 76
181 6 3 116 124
181 0 10 104 104
181 31 8 120 113
181 31 13 126 94
181 16 40 121 111
181 15 0 128 100
181 49 0 93 36
181 12 3 128 73
181 15 6 102 126
181 44 0 97 113
181 5 43 76 74
181 18 7 96 127
181 0 4 90 99
181 13 12 127 90
181 41 0 107 32
181 6 1 97 128
181 39 6 110 120
181 0 25 107 125
181 60 16 124 67
181 23 22 56 78
181 7 0 101 119
181 5 11 100 119
181 11 10 47 45
181 25 26 65 95
181 60 41 119 105
181 32 12 118 68
181 23 2 126 127
181 24 5 106 75
181 18 8 128 124
181 49 43 81 122
181 30 34 71 79
181 13 0 106 127
181 52 12 104 48
181 3 0 127 104
181 7 2 85 127
181 25 4 114 62
181 11 18 113 127
181 56 44 96 104
181 36 1 99 57
181 14 38 86 114
181 5 13 127 108
181 46 23 128 76
181 36 27 104 82
181 17 3 125 57
181 69 23 118 90
181 20 3 97 127
181 7 10 112 102
181 13 0 80 117
181 15 0 106 126
181 10 6 98 76
181 19 33 62 90
181 2 0 125 97
181 0 23 94 127
181 14 0 111 98
181 20 4 68 125
181 7 6 104 127
181 15 1 124 99
181 5 8 124 107
181 14 7 91 46
181 21 0 119 119
181 14 0 128 87
181 19 0 117 128
181 5 20 53 54
181 56 0 104 124
181 39 19 112 72
181 16 0 94 128
181 24 50 56 108
181 14 10 127 107
181 13 4 69 127
181 0 0 39 40
181 7 4 42 39
181 10 4 128 86
181 15 41 100 105
181 3 10 70 117
181 43 83 86 120
181 10 2 80 101
181 27 2 127 97
181 14 0 128 76
181 81 13 124 104
181 9 0 94 116
181 1 18 80 82
181 48 31 104 104
181 68 0 105 47
181 2 33 97 97
181 3 2 123 101
181 0 4 126 111
181 12 0 128 108
181 25 0 103 120
181 18 16 64 127
181 19 0 111 115
181 57 1 117 126
181 0 3 87 91
181 21 5 128 120
181 28 22 77 113
181 92 8 126 74
181 3 0 85 126
181 40 38 122 105
181 36 10 79 47
181 0 15 113 71
181 39 17 106 86
181 6 47 55 111
181 0 5 90 113
181 1 9 99 74
181 11 7 88 87
181 2 1 110 68
181 14 1 128 105
181 0 2 125 71
181 14 10 128 107
181 0 0 120 83
181 11 20 119 100
181 5 0 71 121
181 25 2 111 128
181 11 7 93 111
181 44 0 113 124
181 3 13 99 91
181 34 6 126 70
181 59 17 118 78
181 30 26 116 122
181 25 0 120 126
181 10 0 111 114
181 11 7 123 97
181 0 6 125 112
181 33 0 107 95
181 7 10 62 110
181 44 7 116 118
181 0 0 85 126
181 16 1 106 54
181 4 3 89 127
181 12 11 61 58
181 16 0 90 127
181 20 35 86 97
181 26 6 127 113
181 9 0 125 126
181 3 13 102 97
181 36 0 115 90
181 24 3 81 57
181 2 6 101 103
181 44 7 128 107
181 33 30 125 106
181 0 1 111 85
181 1 3 89 101
181 34 18 112 128
181 13 9 104 123
181 74 6 125 44
181 0 8 99 99
181 26 2 116 61
181 0 10 91 67
181 46 10 112 115
181 43 24 106 128
181 3 1 128 110
181 41 0 128 113
181 19 39 125 102
181 26 3 77 53
181 28 14 116 112
181 34 1 101 99
181 45 9 127 52
181 25 24 121 103
181 3 19 84 128
181 10 23 78 119
181 9 0 84 97
181 30 4 80 124
181 49 5 120 117
181 31 3 92 120
181 2 3 72 125
181 21 22 97 127
181 0 7 106 102
181 17 4 104 71
181 33 26 105 127
181 42 0 104 87
181 6 0 77 104
181 16 0 117 45
181 0 3 118 115
181 35 6 108 78
181 16 10 84 75
181 7 12 109 111
181 8 6 124 117
181 11 4 66 59
181 4 7 70 118
181 5 0 113 127
181 0 16 121 123
181 18 37 121 100
181 33 0 105 60
181 7 0 96 61
181 26 6 88 65
181 27 0 125 62
181 35 12 121 73
181 35 28 93 127
181 14 9 111 104
181 16 53 67 109
181 63 19 128 109
181 43 5 87 50
181 41 24 115 125
181 13 0 125 112
181 12 33 106 98
181 16 1 114 117
181 12 5 88 128
181 9 7 102 83
181 21 6 127 106
181 55 20 110 70
181 0 0 117 109
181 56 24 98 113
181 33 17 120 97
181 27 19 118 71
181 2 0 127 107
181 13 34 80 64
181 12 8 61 69
181 31 2 96 127
181 58 10 116 74
181 6 12 62 122
181 21 5 63 64
181 2 0 128 108
181 5 1 77 100
181 33 6 77 71
181 13 2 117 113
181 5 26 110 103
181 30 12 112 73
181 2 3 71 68
181 1 5 124 90
181 20 9 80 126
181 20 4 112 128
181 56 34 98 111
181 55 26 110 74
181 0 28 99 115
181 1 11 43 70
181 20 2 101 63
181 21 3 100 127
181 35 2 72 58
181 22 8 107 89
181 50 11 120 128
181 10 0 76 81
181 26 8 90 69
181 51 2 99 66
181 45 17 128 73
181 10 13 103 116
181 95 4 125 45
181 0 32 103 102
181 10 30 74 91
181 37 20 117 79
181 12 4 114 127
181 26 0 106 123
181 54 21 106 95
181 25 25 76 68
181 0 1 103 101
181 4 5 75 97
181 1 3 66 67
181 11 0 118 68
181 33 10 94 43
181 46 9 98 69
181 35 35 83 123
181 6 19 68 92
181 2 5 116 90
181 24 31 70 110
181 4 3 128 104
181 50 1 123 82
181 0 1 101 93
181 33 10 104 98
181 3 0 126 112
181 54 5 107 99
181 11 39 65 98
181 0 0 73 127
181 27 4 64 65
181 22 19 122 122
181 37 16 74 71
181 26 15 109 94
181 20 19 110 112
181 1 23 117 125
181 0 4 104 82
181 4 7 113 102
181 30 20 92 122
181 4 1 113 113
181 4 7 81 118
181 66 60 122 124
181 2 10 111 78
181 57 16 96 80
181 73 29 126 108
181 9 0 128 71
181 5 51 92 92
181 46 23 96 98
181 0 0 80 100
181 36 27 101 103
181 18 0 125 113
181 40 8 80 92
181 0 0 97 128
181 1 7 92 124
181 9 0 83 127
181 7 1 117 87
181 16 51 84 116
181 10 20 80 98
181 0 3 122 63
181 26 5 113 96
181 60 5 94 119
181 39 6 96 74
181 29 11 122 89
181 6 0 100 126
181 17 7 103 76
181 0 8 100 101
181 16 23 75 90
181 0 1 73 93
181 10 22 47 76
181 7 6 44 37
181 3 3 124 99
181 9 15 66 69
181 12 13 46 71
181 0 19 45 52
181 39 22 114 102
181 74 74 108 108
181 9 4 113 113
181 34 16 90 94
181 12 17 79 70
181 2 27 107 125
181 44 9 106 108
181 20 0 118 96
181 22 4 103 127
181 30 1 110 104
181 74 26 104 101
181 9 20 66 72
181 1 0 54 55
181 25 2 124 66
181 26 4 105 126
181 44 18 104 102
181 21 8 74 79
181 3 42 105 125
181 0 5 126 104
181 8 5 95 65
181 9 10 126 108
181 5 47 72 127
181 18 9 124 113
181 44 4 118 104
181 59 8 114 101
181 40 20 124 102
181 13 0 126 103
181 16 0 99 128
181 13 6 103 66
181 7 6 124 112
181 4 3 95 84
181 15 18 76 100
181 8 28 108 93
181 24 31 93 80
181 9 0 112 125
181 36 23 119 99
181 4 33 100 101
181 8 0 114 108
181 41 23 107 63
181 37 23 93 85
181 0 0 123 118
181 10 3 108 113
181 57 6 100 95
181 14 40 108 125
181 6 17 90 123
181 0 13 96 127
181 3 5 107 127
181 12 15 124 95
181 23 17 78 55
181 0 1 115 97
181 12 15 46 45
181 49 33 98 93
181 25 34 77 77
181 0 23 105 90
181 44 38 77 100
181 42 26 103 85
181 32 15 103 69
181 7 32 54 97
181 20 5 117 107
181 80 32 124 120
181 1 19 92 105
181 24 0 120 103
181 11 6 116 101
181 7 37 102 112
181 0 27 98 107
181 17 14 82 123
181 19 6 107 89
181 6 2 113 79
181 1 0 82 126
181 10 36 76 98
181 6 22 111 80
181 55 8 96 82
181 18 2 122 89
181 15 33 108 110
181 9 3 126 108
181 19 1 114 69
181 18 9 69 123
181 0 2 113 100
181 2 2 128 107
181 39 36 110 98
181 24 8 114 107
181 6 0 121 108
181 4 0 111 104
181 22 13 117 75
181 3 1 127 101
181 0 8 94 128
181 12 3 117 116
181 34 18 123 65
181 33 17 78 128
181 13 13 107 93
181 67 25 105 94
181 15 15 56 57
181 21 4 80 125
181 30 4 100 94
181 0 2 126 115
181 0 5 97 102
181 22 19 122 85
181 0 4 119 104
181 24 0 94 73
181 22 8 128 111
181 0 12 89 69
181 3 3 111 124
181 23 0 123 100
181 6 6 107 88
181 2 9 117 127
181 2 1 97 122
181 69 9 115 120
181 8 3 72 110
181 26 7 86 124
181 46 21 117 112
181 59 12 128 53
181 7 11 119 99
181 44 2 80 67
181 47 50 121 84
181 5 40 45 122
181 16 5 97 127
181 5 11 93 128
181 1 16 83 99
181 26 13 89 127
181 37 1 110 70
181 22 0 128 99
181 1 8 106 105
181 33 6 106 52
181 5 2 93 91
181 1 3 79 67
181 19 8 122 67
181 21 24 112 126
181 0 0 116 70
181 3 7 82 54
181 41 0 128 93
181 5 8 67 52
181 26 9 86 67
181 8 2 128 104
181 33 20 82 54
181 5 0 116 124
181 1 0 110 128
181 29 6 90 53
181 7 46 39 115
181 10 8 114 98
181 5 2 124 115
181 56 3 89 56
181 41 0 82 33
181 22 11 63 64
181 3 0 87 127
181 29 3 104 96
181 71 8 124 43
181 35 35 91 105
181 0 44 57 86
181 22 13 113 127
181 25 60 91 110
181 25 0 127 87
181 13 25 83 90
181 51 25 119 65
181 0 33 77 108
181 23 1 126 102
181 1 5 97 113
181 5 2 114 123
181 42 5 105 113
181 4 4 70 122
181 11 4 86 57
181 6 5 127 109
181 59 15 128 57
181 8 25 95 87
181 21 5 119 102
181 36 30 74 94
181 19 24 69 115
181 55 2 93 52
181 26 0 92 81
181 24 0 124 45
181 0 4 105 127
181 6 1 118 67
181 25 2 106 66
181 52 1 120 113
181 0 8 108 105
181 10 27 54 89
181 41 29 87 108
181 11 19 69 121
181 20 3 105 74
181 19 14 122 81
181 53 66 119 111
181 21 40 92 96
181 22 0 111 45
181 30 0 112 85
181 19 10 105 81
181 35 8 88 100
181 29 21 112 103
181 0 7 116 98
181 0 3 115 100
181 36 0 116 70
181 6 9 88 120
181 19 0 113 109
181 0 5 119 87
181 21 0 89 121
181 34 17 108 117
181 0 0 110 107
181 8 8 82 120
181 5 0 127 98
181 47 9 83 46
181 13 0 126 101
181 50 15 113 88
181 5 0 128 96
181 39 2 117 103
181 27 28 125 105
181 16 19 59 112
181 11 9 101 102
181 11 17 94 65
181 1 2 103 117
181 8 3 128 60
181 12 3 112 91
181 6 0 118 118
181 36 2 68 66
181 9 17 84 87
181 10 0 94 127
181 5 6 63 121
181 31 2 123 108
181 18 4 57 52
181 13 0 128 100
181 14 0 128 100
181 3 6 106 88
181 39 11 94 116
181 1 15 126 111
181 56 43 87 128
181 11 0 68 69
181 46 25 125 116
181 17 0 95 127
181 0 3 93 91
181 41 0 111 128
181 5 2 127 98
181 10 4 105 92
181 22 1 128 93
181 17 6 102 60
181 9 7 127 126
181 0 0 110 128
181 6 8 73 123
181 13 2 71 64
181 16 43 74 87
181 33 2 99 52
181 4 1 124 92
181 6 4 99 82
181 8 55 43 109
181 49 26 81 57
181 7 3 100 127
181 29 0 124 105
181 24 0 128 91
181 7 21 115 103
181 4 6 102 123
181 0 7 90 78
181 0 0 98 104
181 7 12 121 98
181 7 4 121 85
181 2 6 117 117
181 2 0 124 128
181 2 33 72 105
181 53 9 125 70
181 6 34 89 103
181 4 45 39 117
181 28 13 87 56
181 3 1 121 120
181 25 2 103 96
181 0 0 114 99
181 38 0 118 121
181 0 0 125 125
181 3 24 111 107
181 37 0 111 79
181 6 1 95 119
181 36 7 121 121
181 33 8 96 101
181 26 16 105 95
181 0 2 78 128
181 0 8 126 97
181 61 8 128 61
181 39 8 89 76
181 16 6 67 118
181 10 0 67 127
181 1 0 78 80
181 28 0 126 127
181 51 2 117 111
181 61 18 124 75
181 66 27 110 85
181 0 0 120 102
181 4 0 115 124
181 57 3 106 101
181 1 4 125 121
181 6 12 120 76
181 32 16 91 110
181 31 6 111 127
181 18 0 89 60
181 2 0 97 127
181 0 0 119 83
181 25 3 81 76
181 28 1 122 126
181 6 6 78 127
181 69 49 100 125
181 15 10 124 120
181 22 38 90 88
181 37 29 112 75
181 60 14 120 52
181 18 0 96 104
181 2 6 118 102
181 16 53 79 115
181 12 4 73 128
181 2 0 99 127
181 11 6 91 89
181 72 6 128 42
181 24 13 87 99
181 27 0 123 63
181 56 3 106 105
181 4 11 119 101
181 5 43 95 83
181 41 28 84 64
181 15 0 128 65
181 8 1 127 116
181 65 3 127 76
181 21 52 66 95
181 0 0 100 89
181 19 0 117 127
181 44 15 86 81
181 0 8 97 118
181 31 8 106 87
181 47 30 114 106
181 7 10 94 127
181 2 0 125 111
181 62 12 117 117
181 11 0 102 127
181 0 11 64 125
181 2 13 118 128
181 15 11 106 83
181 22 0 126 112
181 14 7 81 120
181 0 2 124 127
181 1 4 106 124
181 52 4 114 98
181 20 10 76 55
181 36 15 122 109
181 22 59 113 122
181 50 2 106 64
181 1 2 67 47
181 0 1 107 94
181 77 8 113 89
181 13 2 92 127
181 14 6 81 126
181 37 38 95 96
181 8 6 125 92
181 62 29 126 85
181 22 0 121 104
181 20 1 99 124
181 5 16 76 104
181 37 0 88 120
181 54 39 108 113
181 32 21 96 82
181 11 3 127 85
181 1 0 128 105
