1 86 10 122 45
2 15 2 126 82
3 4 0 115 71
4 25 19 90 58
5 31 0 116 123
6 22 0 119 123
7 56 4 126 61
8 7 60 72 98
9 72 2 108 41
10 33 29 99 84
11 19 33 76 90
12 11 3 93 110
13 32 19 116 66
14 5 0 128 101
15 55 23 95 68
16 3 7 122 113
17 0 2 116 100
18 31 8 128 77
19 60 2 123 56
20 4 8 116 59
21 13 23 122 94
22 0 45 70 127
23 0 63 87 127
24 11 14 109 102
25 18 26 94 67
26 55 4 101 38
27 4 3 111 76
28 0 16 57 102
29 4 0 105 92
30 19 25 113 122
31 57 21 126 51
32 3 71 69 112
33 7 1 117 85
34 13 11 123 89
35 16 1 126 99
36 14 9 125 84
37 83 7 127 49
38 18 0 103 70
39 0 5 60 91
40 8 12 102 59
41 84 11 127 56
42 19 5 110 85
43 15 0 121 84
44 39 16 100 66
45 38 5 108 65
46 28 40 113 102
47 12 9 111 126
48 1 3 92 107
49 14 3 120 106
50 44 19 119 57
51 35 2 105 70
52 57 12 112 53
53 14 19 117 101
54 70 1 110 55
55 18 17 111 102
56 21 77 79 109
57 11 11 108 42
58 34 10 112 128
59 5 4 128 75
60 13 0 114 51
61 11 52 109 118
62 7 12 65 57
63 47 4 122 128
64 0 1 112 116
65 52 41 119 92
66 16 15 116 88
67 35 16 123 73
68 19 31 100 79
69 0 13 71 120
70 0 6 90 103
71 41 77 93 112
72 51 38 98 82
73 6 2 115 108
74 7 5 125 121
75 16 24 50 58
76 10 3 105 52
77 4 0 95 70
78 4 33 98 87
79 0 19 48 58
80 13 37 110 76
81 18 57 95 108
82 18 8 117 67
83 10 19 109 81
84 17 8 97 62
85 15 8 76 47
86 9 27 84 75
87 6 4 123 85
88 26 0 128 99
89 21 4 125 127
90 0 13 103 79
91 30 13 112 50
92 10 1 111 105
93 42 13 111 104
94 31 50 88 82
95 45 22 121 56
96 25 0 102 102
97 3 13 90 69
98 48 22 88 71
99 40 53 108 107
100 0 0 120 107
101 26 21 105 63
102 9 4 127 68
103 32 8 127 82
104 8 14 91 76
105 28 20 94 59
106 28 14 118 53
107 19 5 97 51
108 2 5 124 83
109 40 5 108 63
110 15 2 127 64
111 11 30 106 60
112 2 0 117 128
113 59 25 127 74
114 4 6 92 94
115 12 1 119 110
116 40 35 114 87
117 41 46 105 87
118 2 0 90 75
119 15 21 100 88
120 34 45 115 104
121 2 8 87 95
122 9 1 127 81
123 4 0 128 62
124 12 0 102 80
125 23 7 111 88
126 14 5 100 86
127 16 22 124 56
128 33 1 93 49
129 12 7 112 69
130 47 22 88 69
131 11 34 92 88
132 0 14 93 69
133 41 10 103 69
134 28 6 127 77
135 1 0 114 98
136 38 45 99 86
137 46 29 114 73
138 17 12 121 50
139 7 18 67 79
140 3 10 110 93
141 1 15 113 121
142 15 4 100 83
143 15 19 128 80
144 29 19 106 71
145 0 44 73 101
146 0 11 102 114
147 24 21 128 84
148 55 4 95 51
149 14 1 121 100
150 51 48 126 87
151 29 38 108 84
152 4 0 101 47
153 12 50 79 104
154 5 19 93 66
155 3 2 110 88
156 14 15 115 63
157 5 1 127 97
158 3 11 121 86
159 19 1 125 99
160 6 0 127 104
161 0 16 95 128
162 11 4 99 84
163 29 11 103 80
164 28 76 60 115
165 43 0 125 55
166 0 15 118 123
167 12 17 86 124
168 14 8 100 95
169 26 14 121 106
170 9 43 92 95
171 20 22 109 61
172 3 2 109 56
173 0 10 120 68
174 5 8 109 55
175 1 8 92 110
176 3 0 128 62
177 0 15 83 91
178 13 38 94 82
179 13 4 100 63
180 2 7 127 125
181 23 13 121 119
181 34 5 84 49
181 4 51 88 99
181 6 18 123 55
181 40 43 95 95
181 61 9 121 107
181 25 1 121 52
181 5 9 109 99
181 11 6 125 59
181 7 65 98 126
181 43 3 126 42
181 0 13 66 100
181 56 0 127 38
181 24 19 71 71
181 10 41 92 88
181 6 1 84 77
181 9 3 119 80
181 36 2 123 87
181 1 3 121 98
181 22 34 78 92
181 38 29 100 67
181 47 18 108 82
181 40 17 115 58
181 41 13 106 113
181 5 10 123 128
181 21 9 100 47
181 17 43 98 123
181 14 6 109 90
181 13 23 99 66
181 4 26 111 73
181 9 34 57 85
181 6 4 120 66
181 3 9 128 113
181 14 16 89 104
181 0 23 64 71
181 27 7 79 53
181 2 7 120 85
181 40 9 120 106
181 0 0 112 98
181 7 2 128 118
181 0 4 121 108
181 13 28 96 127
181 36 65 102 96
181 22 1 123 106
181 53 39 91 76
181 2 10 127 55
181 11 1 127 54
181 62 9 101 51
181 0 11 117 102
181 27 2 85 46
181 18 23 124 85
181 17 14 114 80
181 5 0 125 110
181 3 20 109 71
181 24 11 96 78
181 1 0 127 66
181 8 14 113 82
181 42 15 98 83
181 3 27 94 76
181 10 4 101 94
181 39 8 124 53
181 0 0 124 57
181 23 16 115 84
181 26 9 113 55
181 10 1 128 122
181 45 47 99 81
181 25 22 76 66
181 10 19 63 68
181 40 13 109 58
181 2 14 105 82
181 6 13 87 62
181 17 26 113 63
181 4 64 96 114
181 13 11 105 78
181 31 12 122 63
181 2 19 122 77
181 23 2 107 75
181 27 5 109 85
181 46 32 91 82
181 77 20 121 78
181 25 10 115 84
181 33 23 107 87
181 56 23 104 72
181 3 18 120 68
181 14 2 115 100
181 8 0 125 44
181 4 27 97 57
181 7 52 77 119
181 40 8 102 59
181 9 0 118 105
181 3 5 126 108
181 16 13 125 77
181 26 20 83 84
181 42 34 97 71
181 0 12 118 110
181 52 1 98 32
181 16 0 108 93
181 21 59 77 97
181 16 31 106 69
181 76 22 117 71
181 20 3 108 90
181 32 3 118 80
181 5 4 115 128
181 6 13 102 59
181 18 17 122 87
181 13 2 61 44
181 20 13 93 60
181 2 18 125 94
181 76 9 119 60
181 9 61 103 113
181 3 0 108 90
181 46 16 107 67
181 1 5 83 99
181 25 4 73 72
181 2 15 123 59
181 10 5 103 69
181 1 0 85 70
181 28 56 87 127
181 16 60 61 90
181 16 18 105 68
181 33 27 121 89
181 32 12 115 50
181 27 1 126 117
181 1 20 97 127
181 0 0 112 112
181 22 4 110 39
181 0 19 123 103
181 4 2 96 93
181 13 1 117 31
181 24 11 117 70
181 2 21 94 64
181 6 10 117 82
181 23 16 123 86
181 31 8 80 38
181 54 0 106 43
181 0 4 96 127
181 40 4 91 37
181 3 13 68 84
181 45 8 87 38
181 21 21 109 74
181 0 9 117 93
181 39 18 120 81
181 39 27 82 65
181 2 37 73 104
181 41 0 114 59
181 4 6 98 48
181 27 2 106 62
181 52 5 86 41
181 19 2 126 86
181 9 0 82 66
181 0 1 113 62
181 2 38 120 76
181 15 46 86 117
181 61 41 126 106
181 6 7 128 116
181 9 30 72 73
181 0 0 118 71
181 32 8 73 51
181 19 1 115 89
181 33 32 107 68
181 0 0 124 83
181 0 18 94 87
181 90 3 123 51
181 6 26 123 108
181 23 10 91 65
181 26 16 59 53
181 20 67 80 125
181 6 7 126 113
181 44 15 127 105
181 55 13 119 45
181 8 8 123 74
181 33 33 97 92
181 0 19 72 60
181 42 1 128 104
181 0 74 68 112
181 4 0 105 78
181 18 35 96 82
181 5 27 114 87
181 2 2 36 33
181 43 13 125 85
181 13 7 109 95
181 1 0 103 41
181 0 6 99 109
181 4 8 122 58
181 23 4 104 46
181 47 0 93 48
181 18 3 119 99
181 45 65 119 105
181 46 17 83 52
181 24 35 116 74
181 14 0 104 91
181 11 8 102 98
181 28 8 99 99
181 41 42 113 82
181 27 5 82 53
181 9 19 79 76
181 0 62 58 113
181 34 53 108 97
181 52 33 123 63
181 33 9 112 85
181 36 0 128 53
181 6 5 120 93
181 28 3 112 97
181 12 1 102 84
181 3 2 118 101
181 25 3 112 50
181 18 6 125 98
181 0 13 127 123
181 52 79 102 119
181 21 55 107 124
181 25 22 82 76
181 62 10 111 55
181 29 7 79 41
181 7 0 86 49
181 13 40 76 79
181 7 7 121 115
181 7 18 89 63
181 11 0 128 62
181 19 20 105 76
181 10 8 115 43
181 29 4 118 126
181 28 32 122 85
181 65 9 123 66
181 29 44 111 109
181 66 15 118 53
181 18 0 126 96
181 2 0 55 37
181 0 5 113 101
181 10 11 105 60
181 39 0 118 127
181 40 11 120 80
181 20 5 101 60
181 16 11 102 70
181 21 27 115 73
181 20 24 125 95
181 16 54 111 88
181 43 32 81 114
181 18 8 72 52
181 65 45 121 95
181 25 5 103 81
181 0 2 126 108
181 8 10 126 60
181 17 13 105 73
181 42 30 110 62
181 62 14 115 48
181 0 6 95 107
181 8 0 123 86
181 0 22 113 108
181 37 21 99 68
181 21 5 102 100
181 20 6 104 71
181 61 38 115 88
181 54 8 93 44
181 20 24 75 67
181 10 32 104 76
181 34 8 128 109
181 0 14 123 78
181 26 12 105 103
181 44 10 113 48
181 2 9 109 68
181 0 35 95 127
181 33 57 79 105
181 2 78 41 122
181 44 6 110 54
181 13 6 93 64
181 1 63 76 105
181 84 7 119 45
181 4 37 90 97
181 57 12 99 51
181 34 0 78 33
181 35 1 119 61
181 2 18 98 68
181 8 10 99 95
181 20 10 117 47
181 3 29 93 82
181 3 2 118 102
181 72 16 123 55
181 52 10 124 69
181 3 15 123 82
181 11 0 128 117
181 26 0 116 80
181 0 25 128 117
181 35 12 126 46
181 11 3 121 128
181 10 8 124 54
181 28 2 93 35
181 43 6 116 65
181 0 3 111 100
181 18 8 94 81
181 4 27 126 67
181 41 7 107 65
181 0 1 90 109
181 30 19 107 112
181 51 1 128 40
181 4 2 119 72
181 2 0 99 121
181 56 5 126 45
181 1 0 108 98
181 28 10 123 127
181 53 12 128 48
181 16 6 120 96
181 18 30 77 68
181 54 67 120 97
181 26 23 109 81
181 29 5 93 114
181 1 9 124 52
181 11 42 92 87
181 4 1 87 76
181 0 8 110 57
181 11 12 85 60
181 11 23 73 63
181 9 4 113 47
181 0 42 76 114
181 16 10 76 47
181 11 20 121 76
181 19 5 126 94
181 20 8 119 71
181 24 2 128 98
181 42 12 109 56
181 16 3 128 110
181 0 4 124 97
181 56 17 112 62
181 10 24 78 78
181 45 2 102 44
181 3 8 103 80
181 16 32 80 79
181 32 0 127 114
181 19 16 114 72
181 44 22 86 55
181 12 11 108 83
181 0 7 125 87
181 3 8 58 50
181 42 1 127 71
181 51 1 128 40
181 4 5 87 48
181 1 7 125 69
181 4 4 49 71
181 2 7 57 45
181 22 6 125 107
181 6 19 127 87
181 1 7 64 47
181 0 9 106 78
181 25 6 126 38
181 40 11 86 53
181 1 46 104 95
181 11 0 108 64
181 0 2 96 73
181 0 52 44 94
181 6 2 123 97
181 3 8 125 47
181 43 16 96 64
181 53 21 115 62
181 20 37 98 90
181 6 65 85 113
181 16 61 78 99
181 29 36 97 96
181 42 9 124 79
181 0 4 125 108
181 0 26 41 75
181 7 29 94 106
181 1 16 52 49
181 3 0 91 82
181 3 7 127 56
181 0 5 110 97
181 10 2 96 85
181 29 9 117 94
181 4 1 113 72
181 0 10 126 65
181 1 0 120 104
181 9 15 127 101
181 44 14 122 80
181 0 10 125 108
181 29 13 105 69
181 45 22 87 67
181 1 7 111 77
181 36 48 126 101
181 6 0 127 66
181 9 18 120 83
181 0 59 68 99
181 7 0 123 102
181 40 26 123 123
181 19 13 127 93
181 18 5 90 74
181 18 3 128 110
181 31 69 75 99
181 40 16 124 52
181 65 11 114 46
181 17 16 110 53
181 8 9 93 110
181 25 20 121 89
181 21 3 115 88
181 7 16 112 65
181 0 10 121 101
181 0 4 100 82
181 62 0 119 55
181 0 6 93 78
181 6 67 58 113
181 0 10 98 86
181 11 0 116 107
181 14 12 71 64
181 16 15 115 124
181 3 0 111 85
181 9 6 46 55
181 4 0 70 40
181 0 17 111 106
181 22 30 82 73
181 27 22 120 69
181 0 36 99 100
181 1 4 99 92
181 20 0 68 54
181 68 20 124 55
181 0 19 74 64
181 49 42 128 91
181 26 29 120 80
181 11 45 108 77
181 4 25 126 73
181 25 9 88 72
181 19 3 126 112
181 43 0 112 46
181 27 3 95 41
181 0 42 99 106
181 25 39 101 96
181 18 37 111 70
181 21 29 96 85
181 24 2 102 53
181 1 0 101 102
181 40 54 108 109
181 4 0 115 70
181 22 18 120 63
181 3 13 118 60
181 33 12 106 65
181 41 47 104 85
181 31 15 93 56
181 19 1 126 84
181 0 11 98 99
181 0 0 103 76
181 17 0 116 60
181 63 14 102 49
181 80 0 114 31
181 1 4 56 35
181 0 12 106 117
181 32 30 127 96
181 0 36 98 107
181 33 8 117 115
181 8 8 116 108
181 78 5 121 39
181 28 28 118 75
181 45 24 107 55
181 13 1 113 86
181 4 10 110 76
181 34 2 82 53
181 0 8 98 62
181 67 3 125 71
181 0 0 103 103
181 14 2 92 65
181 27 1 116 81
181 50 12 127 51
181 41 9 124 78
181 9 0 128 103
181 17 68 66 99
181 34 0 120 47
181 56 21 123 85
181 12 16 73 98
181 12 17 117 62
181 2 6 106 103
181 5 6 118 90
181 24 10 114 95
181 0 16 84 64
181 0 7 113 57
181 3 0 118 113
181 8 31 98 78
181 39 35 113 97
181 20 0 115 94
181 35 23 113 63
181 9 31 122 73
181 4 15 109 107
181 48 20 121 79
181 19 13 112 118
181 51 59 127 102
181 33 1 99 65
181 6 20 66 73
181 10 1 78 46
181 9 7 80 76
181 38 21 104 101
181 49 4 90 41
181 25 10 99 53
181 0 17 95 90
181 3 10 127 76
181 22 2 126 90
181 77 9 125 50
181 43 16 98 46
181 32 17 124 80
181 1 94 47 126
181 3 2 125 86
181 10 0 102 110
181 11 9 108 61
181 4 21 105 92
181 13 0 127 106
181 5 0 98 80
181 12 14 100 66
181 15 9 114 102
181 35 41 107 106
181 17 12 117 101
181 34 19 98 57
181 34 25 79 60
181 21 50 113 118
181 6 29 112 87
181 15 9 105 53
181 1 1 124 64
181 0 0 126 82
181 5 19 128 103
181 5 51 40 88
181 35 11 123 75
181 34 0 90 32
181 33 15 126 59
181 4 23 124 84
181 2 1 126 92
181 14 45 89 100
181 1 6 109 109
181 13 2 105 53
181 12 38 84 124
181 3 54 63 105
181 14 21 110 58
181 39 36 116 94
181 37 15 71 46
181 8 0 55 54
181 56 96 115 127
181 31 18 110 62
181 0 0 82 71
181 64 2 104 49
181 26 3 113 127
181 13 3 87 68
181 48 26 121 65
181 34 9 89 52
181 16 10 92 62
181 50 39 120 85
181 14 26 96 127
181 2 24 127 102
181 44 21 88 79
181 56 12 125 73
181 9 86 84 126
181 24 36 79 90
181 30 70 103 121
181 65 7 115 42
181 26 13 109 118
181 1 0 111 59
181 46 24 112 54
181 10 0 98 67
181 3 3 104 80
181 7 21 62 84
181 28 3 105 55
181 12 12 126 96
181 2 33 78 79
181 2 13 117 117
181 48 30 96 74
181 9 5 127 51
181 3 7 82 55
181 24 33 76 71
181 0 32 121 119
181 34 17 119 97
181 52 0 98 38
181 41 21 127 53
181 6 9 108 127
181 16 0 120 93
181 0 17 116 104
181 18 59 79 98
181 0 23 48 83
181 2 8 110 45
181 44 0 113 77
181 68 22 112 55
181 28 1 114 57
181 33 16 112 80
181 0 6 118 89
181 14 18 118 99
181 7 0 117 111
181 4 12 90 82
181 45 19 92 50
181 45 29 128 79
181 3 55 115 110
181 17 25 86 55
181 20 8 116 110
181 0 0 117 100
181 16 0 117 126
181 10 77 89 115
181 11 3 117 98
181 8 29 83 89
181 5 28 103 68
181 3 4 104 105
181 29 3 124 88
181 5 41 57 79
181 50 19 116 83
181 21 19 68 85
181 10 2 102 90
181 2 23 114 122
181 0 49 109 110
181 29 43 127 96
181 63 0 119 38
181 10 5 118 70
181 3 57 98 120
181 4 28 98 88
181 32 2 123 91
181 45 41 87 89
181 4 18 121 88
181 41 24 127 59
181 11 0 110 108
181 40 1 108 122
181 30 38 73 73
181 6 4 83 68
181 5 34 107 105
181 47 19 124 62
181 15 6 126 99
181 4 5 127 59
181 10 11 105 97
181 9 8 94 53
181 43 5 88 42
181 51 14 112 63
181 0 1 120 103
181 39 18 120 75
181 0 0 108 125
181 8 0 116 103
181 10 3 64 55
181 9 7 90 87
181 8 3 102 62
181 12 62 102 105
181 79 4 120 47
181 15 1 110 64
181 7 19 127 80
181 18 11 98 57
181 4 0 128 62
181 6 5 122 113
181 4 29 103 86
181 0 4 105 75
181 43 71 73 107
181 19 0 106 78
181 0 0 79 77
181 38 0 121 69
181 1 0 118 104
